1 	11/03/1996 	41 	05 	04 	52 	30 	33 	0 	0,00 	17 	39.158,92 	2016 	330,21 	SIM 	1.714.650,23
2 	18/03/1996 	09 	39 	37 	49 	43 	41 	1 	2.307.162,23 	65 	14.424,02 	4488 	208,91 	NÃO 	0,00
3 	25/03/1996 	36 	30 	10 	11 	29 	47 	2 	391.192,51 	62 	10.515,93 	4261 	153,01 	NÃO 	0,00
4 	01/04/1996 	06 	59 	42 	27 	01 	05 	0 	0,00 	39 	15.322,24 	3311 	180,48 	SIM 	717.080,75
5 	08/04/1996 	01 	19 	46 	06 	16 	02 	0 	0,00 	98 	5.318,10 	5399 	96,53 	SIM 	1.342.488,85
6 	15/04/1996 	19 	40 	07 	13 	22 	47 	0 	0,00 	109 	7.214,66 	7147 	110,03 	SIM 	2.286.166,33
7 	22/04/1996 	56 	38 	21 	20 	03 	05 	0 	0,00 	100 	8.746,05 	5736 	152,48 	SIM 	3.335.692,28
8 	29/04/1996 	53 	17 	38 	04 	47 	37 	0 	0,00 	60 	16.084,11 	5262 	183,40 	SIM 	4.493.748,19
9 	06/05/1996 	55 	43 	56 	54 	08 	60 	0 	0,00 	17 	60.043,79 	2175 	469,31 	SIM 	5.718.641,49
10 	13/05/1996 	25 	04 	18 	57 	21 	38 	0 	0,00 	251 	6.638,45 	12590 	132,35 	SIM 	13.334.769,81
11 	20/05/1996 	25 	15 	58 	37 	59 	38 	1 	15.591.365,07 	148 	12.706,05 	9442 	199,16 	NÃO 	0,00
12 	27/05/1996 	20 	27 	43 	16 	19 	04 	0 	0,00 	108 	6.791,17 	6454 	113,64 	SIM 	880.136,24
13 	03/06/1996 	47 	32 	50 	54 	18 	56 	0 	0,00 	43 	20.543,98 	2934 	301,09 	SIM 	1.940.205,35
14 	10/06/1996 	16 	02 	27 	47 	23 	53 	0 	0,00 	85 	10.458,19 	5323 	167,00 	SIM 	3.006.941,32
15 	17/06/1996 	60 	12 	33 	52 	35 	51 	0 	0,00 	57 	17.919,89 	3931 	259,84 	SIM 	4.232.661,35
16 	24/06/1996 	60 	58 	49 	32 	20 	34 	0 	0,00 	31 	33.307,13 	3250 	317,70 	SIM 	5.471.686,62
17 	01/07/1996 	10 	20 	06 	19 	51 	13 	1 	6.789.869,08 	144 	7.628,37 	9376 	117,16 	NÃO 	0,00
18 	08/07/1996 	37 	36 	56 	27 	42 	23 	0 	0,00 	52 	13.763,52 	4484 	159,61 	SIM 	858.843,48
19 	15/07/1996 	05 	25 	12 	10 	60 	24 	0 	0,00 	159 	5.380,14 	9250 	92,48 	SIM 	10.506.266,73
20 	22/07/1996 	25 	28 	30 	33 	51 	11 	0 	0,00 	72 	15.486,97 	5728 	194,67 	SIM 	11.844.340,83
21 	29/07/1996 	49 	46 	06 	53 	33 	36 	0 	0,00 	63 	17.694,19 	5030 	221,62 	SIM 	13.182.021,44
22 	05/08/1996 	09 	38 	56 	01 	31 	46 	0 	0,00 	47 	27.212,90 	4865 	262,90 	SIM 	14.716.828,84
23 	12/08/1996 	17 	52 	51 	59 	39 	37 	0 	0,00 	74 	20.198,46 	4897 	305,23 	SIM 	16.510.452,00
24 	19/08/1996 	01 	08 	14 	28 	33 	43 	1 	18.661.679,61 	227 	7.897,31 	13486 	132,93 	NÃO 	0,00
25 	25/08/1996 	56 	50 	55 	54 	24 	43 	0 	0,00 	28 	26.338,50 	2741 	269,06 	SIM 	884.973,50
26 	01/09/1996 	50 	53 	57 	10 	58 	22 	0 	0,00 	16 	52.473,74 	1823 	460,55 	SIM 	1.892.469,30
27 	08/09/1996 	44 	33 	13 	51 	17 	20 	0 	0,00 	99 	9.306,24 	6466 	142,49 	SIM 	2.998.050,68
28 	15/09/1996 	60 	06 	22 	03 	24 	54 	0 	0,00 	50 	19.749,22 	4895 	201,73 	SIM 	4.183.003,48
29 	22/09/1996 	14 	56 	58 	08 	43 	03 	1 	5.401.793,60 	44 	23.083,15 	5248 	193,53 	NÃO 	0,00
30 	29/09/1996 	38 	50 	07 	29 	15 	14 	0 	0,00 	80 	11.347,74 	5885 	154,26 	SIM 	10.127.520,80
31 	06/10/1996 	56 	19 	28 	48 	17 	45 	0 	0,00 	103 	8.793,04 	5680 	159,45 	SIM 	11.214.340,46
32 	13/10/1996 	43 	33 	14 	36 	05 	44 	0 	0,00 	96 	11.430,91 	6876 	159,60 	SIM 	12.531.181,83
33 	20/10/1996 	05 	33 	49 	17 	42 	39 	1 	13.997.410,74 	128 	9.545,76 	8722 	140,09 	NÃO 	0,00
34 	27/10/1996 	15 	13 	57 	53 	40 	17 	0 	0,00 	51 	13.604,06 	2627 	264,11 	SIM 	832.568,20
35 	03/11/1996 	21 	57 	16 	23 	54 	04 	0 	0,00 	39 	20.051,18 	3576 	218,68 	SIM 	1.770.963,49
36 	10/11/1996 	13 	03 	51 	17 	29 	25 	0 	0,00 	143 	6.238,12 	8548 	104,36 	SIM 	2.841.425,78
37 	17/11/1996 	22 	06 	07 	52 	38 	60 	0 	0,00 	47 	16.848,61 	3695 	214,32 	SIM 	3.791.687,26
38 	24/11/1996 	55 	42 	10 	43 	45 	54 	0 	0,00 	24 	38.863,10 	1999 	466,59 	SIM 	4.910.944,53
39 	01/12/1996 	16 	37 	45 	52 	56 	12 	0 	0,00 	73 	13.459,05 	4444 	221,09 	SIM 	13.456.111,33
40 	08/12/1996 	03 	12 	46 	05 	47 	08 	0 	0,00 	189 	7.789,93 	12117 	121,51 	SIM 	15.222.867,04
41 	15/12/1996 	38 	26 	35 	39 	12 	47 	1 	17.019.238,50 	148 	10.114,70 	10182 	147,03 	NÃO 	0,00
42 	22/12/1996 	24 	36 	19 	33 	07 	11 	0 	0,00 	201 	3.684,64 	9580 	77,31 	SIM 	888.735,02
43 	29/12/1996 	02 	58 	25 	06 	26 	17 	0 	0,00 	75 	9.738,03 	5070 	144,06 	SIM 	1.765.157,22
44 	05/01/1997 	47 	38 	18 	14 	29 	44 	0 	0,00 	103 	7.099,32 	7742 	94,45 	SIM 	2.642.633,14
45 	12/01/1997 	30 	07 	37 	55 	44 	53 	0 	0,00 	33 	27.201,47 	3004 	298,82 	SIM 	3.719.811,46
46 	19/01/1997 	32 	46 	01 	60 	24 	23 	0 	0,00 	91 	9.982,42 	6263 	145,04 	SIM 	4.809.891,56
47 	26/01/1997 	35 	17 	03 	48 	25 	56 	0 	0,00 	210 	4.458,44 	10873 	85,94 	SIM 	5.933.418,51
48 	02/02/1997 	47 	05 	34 	28 	02 	50 	0 	0,00 	132 	7.482,95 	7454 	132,25 	SIM 	7.118.717,38
49 	09/02/1997 	33 	07 	43 	35 	13 	55 	1 	8.405.156,76 	155 	6.916,34 	9830 	108,85 	NÃO 	0,00
50 	16/02/1997 	57 	44 	21 	16 	58 	06 	0 	0,00 	31 	25.241,25 	2800 	278,91 	SIM 	8.917.830,39
51 	23/02/1997 	23 	24 	42 	25 	17 	47 	0 	0,00 	143 	7.231,47 	9361 	110,25 	SIM 	10.158.749,73
52 	02/03/1997 	58 	15 	59 	30 	38 	46 	0 	0,00 	77 	15.544,23 	6442 	185,43 	SIM 	11.595.036,71
53 	09/03/1997 	42 	13 	03 	46 	38 	16 	0 	0,00 	210 	6.337,79 	10941 	121,41 	SIM 	13.192.159,46
54 	16/03/1997 	05 	21 	09 	56 	18 	36 	2 	7.469.653,99 	207 	7.033,61 	13067 	111,20 	NÃO 	0,00
55 	23/03/1997 	29 	02 	14 	38 	23 	52 	0 	0,00 	66 	10.817,63 	3840 	185,56 	SIM 	856.756,39
56 	30/03/1997 	51 	35 	59 	07 	20 	02 	0 	0,00 	48 	12.142,20 	2599 	223,81 	SIM 	1.556.147,46
57 	06/04/1997 	27 	17 	16 	34 	07 	59 	0 	0,00 	79 	10.699,10 	6173 	136,65 	SIM 	2.570.421,80
58 	13/04/1997 	30 	49 	27 	37 	12 	44 	1 	3.631.304,91 	65 	13.601,07 	5040 	175,06 	NÃO 	0,00
59 	20/04/1997 	28 	13 	34 	02 	08 	54 	0 	0,00 	90 	7.312,34 	5351 	122,75 	SIM 	789.733,42
60 	27/04/1997 	38 	14 	21 	15 	03 	20 	0 	0,00 	129 	7.111,47 	7914 	115,69 	SIM 	9.478.249,26
61 	04/05/1997 	59 	08 	18 	29 	42 	44 	0 	0,00 	52 	18.902,94 	3866 	253,76 	SIM 	10.657.792,45
62 	11/05/1997 	52 	13 	06 	24 	08 	31 	0 	0,00 	119 	9.968,70 	8613 	137,46 	SIM 	12.081.323,45
63 	18/05/1997 	26 	09 	41 	49 	25 	40 	1 	13.680.019,57 	82 	16.246,91 	6359 	209,10 	NÃO 	0,00
64 	25/05/1997 	08 	54 	50 	60 	23 	12 	0 	0,00 	29 	23.309,96 	2441 	276,38 	SIM 	811.186,58
65 	01/06/1997 	20 	01 	05 	32 	25 	34 	0 	0,00 	61 	11.542,37 	4932 	142,48 	SIM 	1.656.088,09
66 	08/06/1997 	15 	26 	12 	33 	48 	13 	0 	0,00 	102 	8.054,25 	7686 	106,68 	SIM 	2.641.927,81
67 	15/06/1997 	47 	14 	27 	52 	17 	12 	0 	0,00 	83 	10.617,25 	5479 	160,52 	SIM 	3.699.406,44
68 	22/06/1997 	53 	13 	03 	01 	12 	59 	0 	0,00 	49 	18.496,73 	4758 	190,11 	SIM 	4.787.014,46
69 	29/06/1997 	56 	58 	34 	53 	25 	45 	0 	0,00 	55 	17.271,48 	3661 	258,96 	SIM 	5.926.931,93
70 	06/07/1997 	40 	17 	23 	43 	27 	58 	0 	0,00 	95 	12.899,52 	6071 	201,46 	SIM 	14.883.849,29
71 	13/07/1997 	53 	16 	45 	43 	33 	27 	0 	0,00 	115 	12.451,74 	7430 	192,35 	SIM 	16.602.188,45
72 	20/07/1997 	19 	48 	43 	01 	34 	44 	0 	0,00 	85 	19.676,33 	7982 	209,13 	SIM 	18.609.174,26
73 	27/07/1997 	57 	25 	45 	28 	51 	26 	1 	21.026.575,40 	95 	21.205,27 	8222 	244,52 	NÃO 	0,00
74 	03/08/1997 	02 	24 	34 	50 	38 	37 	0 	0,00 	40 	18.257,68 	3321 	219,48 	SIM 	876.368,71
75 	10/08/1997 	36 	49 	37 	35 	24 	21 	0 	0,00 	70 	12.395,02 	5032 	172,09 	SIM 	1.917.550,02
76 	17/08/1997 	33 	18 	23 	08 	17 	53 	0 	0,00 	92 	10.247,61 	6399 	147,04 	SIM 	3.048.886,14
77 	24/08/1997 	29 	54 	40 	57 	49 	21 	0 	0,00 	20 	49.648,81 	2635 	376,09 	SIM 	4.240.457,60
78 	31/08/1997 	22 	32 	46 	12 	25 	31 	0 	0,00 	103 	9.907,36 	5984 	170,19 	SIM 	5.465.006,39
79 	07/09/1997 	43 	25 	02 	13 	31 	17 	1 	6.770.601,75 	247 	4.404,85 	13375 	81,18 	NÃO 	0,00
80 	14/09/1997 	51 	40 	37 	23 	48 	28 	0 	0,00 	43 	26.443,00 	4284 	264,89 	SIM 	10.953.707,53
81 	21/09/1997 	47 	41 	10 	60 	54 	23 	0 	0,00 	62 	19.453,15 	4870 	247,17 	SIM 	12.401.021,68
82 	28/09/1997 	51 	36 	53 	29 	18 	15 	1 	13.877.826,02 	77 	15.982,73 	5889 	208,57 	NÃO 	0,00
83 	05/10/1997 	24 	16 	04 	42 	57 	15 	0 	0,00 	76 	9.408,43 	4756 	150,04 	SIM 	858.048,93
84 	12/10/1997 	10 	34 	04 	06 	25 	40 	0 	0,00 	102 	7.539,68 	5546 	138,40 	SIM 	1.780.905,80
85 	19/10/1997 	47 	15 	30 	37 	45 	06 	0 	0,00 	45 	17.279,25 	4312 	179,96 	SIM 	2.713.984,86
86 	26/10/1997 	54 	21 	06 	34 	36 	22 	0 	0,00 	48 	16.752,96 	3752 	213,90 	SIM 	3.678.955,17
87 	02/11/1997 	40 	04 	28 	32 	11 	05 	0 	0,00 	64 	12.696,60 	5195 	156,11 	SIM 	4.654.053,86
88 	09/11/1997 	45 	37 	29 	04 	43 	18 	0 	0,00 	110 	7.965,82 	6805 	128,51 	SIM 	5.705.540,99
89 	16/11/1997 	59 	42 	34 	13 	44 	55 	0 	0,00 	36 	24.246,00 	3847 	226,45 	SIM 	6.752.968,26
90 	23/11/1997 	21 	26 	40 	54 	09 	52 	1 	15.764.300,87 	74 	18.584,49 	4763 	288,17 	NÃO 	0,00
91 	30/11/1997 	60 	04 	10 	35 	39 	02 	0 	0,00 	68 	9.588,80 	3878 	167,81 	SIM 	782.445,93
92 	07/12/1997 	05 	23 	51 	03 	01 	24 	0 	0,00 	75 	9.792,64 	5530 	132,56 	SIM 	1.663.783,45
93 	14/12/1997 	22 	53 	31 	28 	02 	36 	0 	0,00 	61 	12.369,31 	3795 	198,44 	SIM 	2.569.217,31
94 	21/12/1997 	28 	51 	55 	18 	52 	08 	0 	0,00 	25 	31.457,49 	2086 	376,26 	SIM 	3.512.942,16
95 	28/12/1997 	46 	60 	06 	40 	50 	45 	0 	0,00 	22 	30.807,89 	2185 	309,58 	SIM 	4.326.270,55
96 	04/01/1998 	04 	42 	58 	26 	07 	40 	1 	5.218.562,47 	62 	11.993,17 	3984 	186,27 	NÃO 	0,00
97 	11/01/1998 	56 	53 	11 	14 	05 	35 	1 	727.932,66 	56 	10.832,33 	3441 	175,94 	NÃO 	0,00
98 	18/01/1998 	43 	33 	14 	31 	35 	13 	0 	0,00 	89 	6.508,88 	4972 	116,28 	SIM 	695.149,05
99 	25/01/1998 	30 	33 	24 	11 	46 	60 	0 	0,00 	46 	14.037,92 	3015 	213,76 	SIM 	1.470.041,96
100 	01/02/1998 	46 	48 	30 	14 	29 	51 	0 	0,00 	56 	15.930,48 	3600 	247,32 	SIM 	8.585.129,47
101 	08/02/1998 	39 	01 	37 	31 	29 	18 	0 	0,00 	52 	20.589,41 	4653 	229,64 	SIM 	9.869.908,65
102 	15/02/1998 	44 	42 	37 	56 	19 	20 	1 	11.336.626,88 	73 	16.743,36 	6197 	196,85 	NÃO 	0,00
103 	22/02/1998 	09 	01 	57 	07 	54 	49 	1 	696.984,24 	28 	20.743,58 	2632 	220,24 	NÃO 	0,00
104 	01/03/1998 	13 	01 	38 	21 	52 	04 	0 	0,00 	37 	14.006,33 	2588 	199,85 	SIM 	621.880,72
105 	08/03/1998 	03 	13 	31 	43 	46 	49 	0 	0,00 	55 	11.824,08 	4875 	133,14 	SIM 	1.402.269,88
106 	15/03/1998 	24 	16 	38 	05 	39 	35 	0 	0,00 	94 	7.678,27 	5390 	133,65 	SIM 	2.268.378,66
107 	22/03/1998 	02 	24 	52 	04 	16 	51 	0 	0,00 	35 	21.494,23 	3554 	211,26 	SIM 	3.171.136,01
108 	29/03/1998 	60 	29 	34 	24 	21 	59 	0 	0,00 	35 	22.511,72 	2453 	320,57 	SIM 	4.116.628,49
109 	04/04/1998 	54 	13 	44 	49 	48 	01 	0 	0,00 	39 	21.153,30 	3881 	212,15 	SIM 	11.523.677,38
110 	11/04/1998 	57 	58 	18 	31 	43 	52 	0 	0,00 	35 	27.771,48 	3212 	302,01 	SIM 	12.690.079,16
111 	18/04/1998 	52 	32 	04 	33 	25 	22 	0 	0,00 	68 	18.082,94 	6109 	200,88 	SIM 	14.165.647,19
112 	25/04/1998 	37 	43 	34 	20 	12 	42 	1 	15.802.579,93 	137 	9.957,01 	8340 	163,25 	NÃO 	0,00
113 	02/05/1998 	34 	54 	26 	28 	55 	07 	0 	0,00 	38 	14.269,55 	2572 	210,40 	SIM 	650.691,40
114 	09/05/1998 	47 	54 	18 	06 	12 	37 	0 	0,00 	71 	9.626,08 	4908 	138,99 	SIM 	1.470.833,69
115 	16/05/1998 	06 	14 	24 	20 	04 	38 	0 	0,00 	78 	9.283,10 	5091 	141,95 	SIM 	2.339.731,79
116 	23/05/1998 	36 	42 	32 	05 	13 	51 	0 	0,00 	64 	11.956,28 	5270 	144,91 	SIM 	3.257.973,62
117 	30/05/1998 	53 	42 	27 	20 	33 	25 	0 	0,00 	36 	22.046,87 	3822 	207,26 	SIM 	4.210.398,41
118 	06/06/1998 	22 	57 	37 	09 	25 	56 	0 	0,00 	53 	16.052,88 	4342 	195,56 	SIM 	5.231.361,36
119 	13/06/1998 	47 	21 	01 	50 	36 	38 	0 	0,00 	21 	38.921,16 	2691 	303,13 	SIM 	13.206.225,91
120 	20/06/1998 	46 	45 	16 	40 	27 	03 	0 	0,00 	92 	13.020,97 	7073 	169,04 	SIM 	14.643.740,70
121 	27/06/1998 	53 	41 	44 	02 	29 	55 	0 	0,00 	45 	28.917,00 	4554 	285,17 	SIM 	16.205.258,33
122 	04/07/1998 	20 	43 	39 	11 	53 	17 	0 	0,00 	83 	18.210,45 	7203 	209,43 	SIM 	18.019.018,95
123 	11/07/1998 	13 	42 	16 	32 	14 	26 	0 	0,00 	176 	12.440,56 	13159 	166,06 	SIM 	20.646.465,28
124 	18/07/1998 	52 	05 	34 	57 	15 	41 	1 	24.536.288,72 	188 	17.242,12 	14019 	230,76 	NÃO 	0,00
125 	25/07/1998 	56 	47 	25 	59 	53 	41 	0 	0,00 	46 	15.425,68 	2784 	254,38 	SIM 	851.497,47
126 	01/08/1998 	32 	28 	06 	10 	11 	40 	0 	0,00 	83 	10.052,56 	5510 	151,13 	SIM 	1.852.731,83
127 	08/08/1998 	59 	21 	51 	54 	29 	50 	0 	0,00 	40 	23.638,47 	2613 	361,14 	SIM 	2.987.378,17
128 	15/08/1998 	23 	43 	03 	21 	09 	18 	0 	0,00 	973 	1.024,41 	11715 	84,91 	SIM 	4.183.483,50
129 	22/08/1998 	46 	54 	10 	09 	01 	32 	0 	0,00 	67 	15.634,41 	5320 	196,51 	SIM 	5.440.490,00
130 	29/08/1998 	13 	42 	38 	49 	53 	29 	0 	0,00 	155 	11.796,24 	11403 	160,03 	SIM 	18.814.958,31
131 	05/09/1998 	30 	09 	17 	27 	04 	44 	0 	0,00 	361 	6.811,67 	21683 	113,19 	SIM 	21.765.774,49
132 	12/09/1998 	44 	35 	50 	41 	09 	07 	0 	0,00 	143 	20.846,64 	12179 	244,29 	SIM 	25.343.057,89
133 	19/09/1998 	19 	57 	06 	39 	34 	05 	1 	30.533.241,12 	431 	10.035,16 	29264 	147,51 	NÃO 	0,00
134 	26/09/1998 	60 	32 	25 	36 	52 	04 	0 	0,00 	82 	10.253,38 	4575 	183,42 	SIM 	1.008.932,39
135 	03/10/1998 	35 	40 	21 	59 	53 	22 	0 	0,00 	40 	24.573,18 	3604 	272,19 	SIM 	2.188.444,72
136 	10/10/1998 	17 	25 	45 	38 	01 	59 	0 	0,00 	126 	8.435,36 	7403 	143,29 	SIM 	3.463.871,17
137 	17/10/1998 	26 	15 	16 	22 	19 	49 	0 	0,00 	88 	12.675,49 	6701 	166,13 	SIM 	4.802.402,93
138 	24/10/1998 	41 	14 	37 	05 	40 	27 	0 	0,00 	86 	14.074,36 	6953 	173,74 	SIM 	6.254.876,80
139 	31/10/1998 	26 	27 	13 	42 	41 	03 	2 	3.902.486,14 	179 	7.216,46 	9401 	137,14 	NÃO 	0,00
140 	07/11/1998 	55 	31 	46 	44 	41 	07 	0 	0,00 	45 	36.581,33 	4945 	332,24 	SIM 	16.453.628,31
141 	14/11/1998 	10 	22 	42 	13 	41 	58 	0 	0,00 	119 	20.106,10 	10533 	226,70 	SIM 	19.324.778,90
142 	21/11/1998 	20 	59 	19 	54 	15 	08 	0 	0,00 	162 	18.143,56 	13991 	209,66 	SIM 	22.851.887,24
143 	28/11/1998 	40 	18 	06 	20 	50 	53 	0 	0,00 	144 	24.792,99 	10994 	324,10 	SIM 	27.136.115,88
144 	05/12/1998 	08 	32 	44 	36 	45 	55 	1 	33.597.755,21 	257 	20.952,14 	23952 	224,38 	NÃO 	0,00
145 	12/12/1998 	43 	15 	41 	51 	16 	31 	0 	0,00 	71 	15.061,27 	3389 	314,91 	SIM 	1.283.220,59
146 	19/12/1998 	51 	34 	25 	60 	42 	32 	0 	0,00 	51 	23.923,45 	4079 	298,52 	SIM 	2.747.335,81
147 	24/12/1998 	24 	06 	38 	23 	28 	16 	1 	3.805.750,38 	75 	11.760,17 	5418 	162,48 	NÃO 	0,00
148 	31/12/1998 	32 	55 	59 	41 	58 	35 	0 	0,00 	15 	53.660,04 	2322 	345,95 	SIM 	965.880,61
149 	09/01/1999 	11 	45 	48 	07 	28 	20 	0 	0,00 	106 	9.795,13 	6290 	164,74 	SIM 	2.211.820,94
150 	16/01/1999 	50 	44 	12 	55 	52 	54 	0 	0,00 	56 	36.378,71 	5540 	367,00 	SIM 	21.414.530,14
151 	23/01/1999 	03 	43 	16 	56 	52 	20 	1 	24.091.811,02 	152 	14.678,07 	9869 	225,62 	NÃO 	0,00
152 	30/01/1999 	12 	05 	15 	51 	58 	29 	0 	0,00 	75 	11.562,39 	5041 	172,03 	SIM 	1.040.614,80
153 	06/02/1999 	47 	02 	31 	42 	45 	30 	0 	0,00 	47 	22.846,45 	4218 	254,57 	SIM 	2.329.154,62
154 	13/02/1999 	08 	10 	24 	33 	45 	48 	0 	0,00 	144 	7.888,29 	9252 	122,78 	SIM 	3.692.251,60
155 	20/02/1999 	12 	32 	44 	43 	35 	30 	1 	4.988.808,21 	67 	16.126,32 	4974 	217,22 	NÃO 	0,00
156 	27/02/1999 	52 	23 	42 	17 	55 	49 	0 	0,00 	74 	11.018,10 	4455 	183,02 	SIM 	978.407,41
157 	06/03/1999 	17 	13 	04 	44 	41 	21 	1 	2.140.030,92 	134 	7.224,03 	8894 	108,84 	NÃO 	0,00
158 	13/03/1999 	58 	43 	51 	14 	17 	04 	0 	0,00 	31 	25.856,53 	3630 	220,81 	SIM 	961.863,12
159 	20/03/1999 	16 	09 	50 	58 	11 	35 	1 	2.038.170,67 	57 	15.735,49 	4124 	217,49 	NÃO 	0,00
160 	27/03/1999 	13 	42 	52 	58 	02 	54 	0 	0,00 	74 	19.431,89 	6132 	234,50 	SIM 	11.251.511,63
161 	03/04/1999 	25 	37 	30 	39 	06 	41 	0 	0,00 	95 	14.430,61 	6865 	199,69 	SIM 	12.896.601,04
162 	10/04/1999 	23 	33 	51 	38 	48 	21 	0 	0,00 	92 	20.941,30 	7244 	265,96 	SIM 	15.208.520,83
163 	17/04/1999 	41 	56 	27 	36 	53 	08 	2 	8.975.833,36 	146 	15.657,23 	10793 	211,80 	NÃO 	0,00
164 	24/04/1999 	04 	19 	14 	10 	44 	28 	0 	0,00 	111 	7.595,63 	8386 	100,54 	SIM 	1.011.737,90
165 	01/05/1999 	39 	56 	19 	23 	10 	35 	2 	1.044.444,54 	75 	11.968,35 	5378 	166,91 	NÃO 	0,00
166 	08/05/1999 	60 	57 	59 	13 	12 	22 	0 	0,00 	47 	17.424,67 	3371 	242,95 	SIM 	982.751,54
167 	15/05/1999 	01 	38 	48 	28 	11 	33 	1 	2.100.980,21 	82 	11.364,11 	4997 	186,48 	NÃO 	0,00
168 	22/05/1999 	45 	02 	35 	09 	50 	31 	0 	0,00 	48 	15.743,70 	3528 	214,20 	SIM 	906.836,93
169 	29/05/1999 	52 	51 	37 	13 	21 	01 	0 	0,00 	65 	13.679,08 	4489 	198,07 	SIM 	1.973.804,91
170 	05/06/1999 	07 	51 	55 	41 	58 	46 	0 	0,00 	50 	32.383,95 	6257 	258,78 	SIM 	13.643.095,71
171 	12/06/1999 	54 	27 	04 	43 	40 	46 	1 	16.052.410,83 	134 	14.983,30 	10378 	193,46 	NÃO 	0,00
172 	19/06/1999 	49 	36 	14 	26 	35 	10 	0 	0,00 	64 	13.460,12 	4592 	186,89 	SIM 	1.033.736,70
173 	26/06/1999 	29 	28 	49 	17 	42 	50 	1 	2.148.316,42 	40 	23.220,41 	3610 	256,32 	NÃO 	0,00
174 	03/07/1999 	11 	52 	22 	23 	36 	59 	0 	0,00 	44 	17.846,85 	3217 	243,18 	SIM 	942.313,58
175 	10/07/1999 	10 	20 	13 	01 	42 	50 	0 	0,00 	114 	8.094,08 	7058 	130,25 	SIM 	2.049.582,99
176 	17/07/1999 	28 	04 	01 	45 	53 	03 	0 	0,00 	62 	16.696,39 	5405 	190,80 	SIM 	3.291.794,61
177 	24/07/1999 	35 	22 	39 	41 	59 	38 	0 	0,00 	52 	21.716,29 	4408 	255,21 	SIM 	4.646.890,81
178 	31/07/1999 	05 	27 	19 	26 	15 	33 	1 	6.129.539,43 	198 	6.240,11 	13086 	94,07 	NÃO 	0,00
179 	07/08/1999 	06 	53 	05 	26 	27 	23 	0 	0,00 	78 	10.281,59 	5646 	141,51 	SIM 	962.357,04
180 	14/08/1999 	39 	06 	29 	60 	51 	23 	0 	0,00 	111 	15.907,98 	6978 	252,09 	SIM 	12.143.009,93
181 	21/08/1999 	33 	01 	55 	35 	51 	27 	0 	0,00 	182 	11.127,07 	11797 	171,02 	SIM 	14.573.162,71
182 	28/08/1999 	46 	60 	05 	10 	28 	03 	0 	0,00 	239 	9.954,78 	17413 	136,13 	SIM 	17.428.194,22
183 	04/09/1999 	16 	11 	07 	40 	44 	02 	0 	0,00 	306 	9.468,79 	20677 	139,60 	SIM 	20.905.131,40
184 	11/09/1999 	09 	60 	21 	16 	41 	34 	0 	0,00 	217 	14.699,97 	15462 	205,53 	SIM 	24.733.003,15
185 	18/09/1999 	59 	17 	22 	46 	43 	55 	0 	0,00 	366 	12.275,86 	24849 	180,13 	SIM 	30.124.561,09
186 	25/09/1999 	24 	26 	51 	25 	14 	23 	0 	0,00 	352 	17.072,24 	31164 	192,10 	SIM 	37.335.874,86
187 	02/10/1999 	06 	44 	58 	41 	36 	48 	0 	0,00 	397 	23.058,35 	39365 	231,66 	SIM 	48.320.873,60
188 	10/10/1999 	34 	42 	43 	46 	27 	17 	1 	64.905.517,65 	1200 	11.517,11 	90235 	152,58 	NÃO 	0,00
189 	16/10/1999 	41 	53 	38 	04 	31 	15 	0 	0,00 	61 	23.476,18 	5485 	260,09 	SIM 	1.718.456,25
190 	24/10/1999 	32 	40 	42 	21 	10 	05 	0 	0,00 	304 	14.923,96 	21481 	210,41 	SIM 	44.895.988,05
191 	31/10/1999 	58 	05 	41 	03 	01 	23 	1 	50.968.412,58 	383 	13.212,41 	30477 	165,41 	NÃO 	0,00
192 	06/11/1999 	01 	60 	26 	41 	28 	54 	0 	0,00 	53 	23.005,08 	4403 	275,87 	SIM 	1.463.122,78
193 	13/11/1999 	12 	04 	11 	49 	43 	19 	0 	0,00 	190 	7.199,87 	11415 	119,39 	SIM 	3.104.692,58
194 	20/11/1999 	32 	42 	43 	25 	28 	33 	0 	0,00 	106 	12.862,40 	7456 	182,18 	SIM 	4.740.789,92
195 	27/11/1999 	17 	03 	44 	37 	09 	32 	1 	6.370.250,64 	339 	4.005,56 	13819 	97,89 	NÃO 	0,00
196 	04/12/1999 	32 	17 	09 	14 	24 	07 	0 	0,00 	182 	5.309,16 	10493 	91,75 	SIM 	1.159.520,95
197 	11/12/1999 	19 	52 	29 	15 	12 	05 	0 	0,00 	128 	8.259,15 	8720 	120,78 	SIM 	2.428.125,98
198 	18/12/1999 	40 	23 	01 	18 	35 	08 	0 	0,00 	125 	8.881,02 	7134 	155,02 	SIM 	3.760.278,08
199 	24/12/1999 	52 	37 	57 	16 	10 	50 	1 	4.915.593,20 	34 	28.316,55 	3143 	305,16 	NÃO 	0,00
200 	31/12/1999 	12 	15 	44 	34 	51 	19 	2 	8.829.389,20 	186 	11.008,48 	13027 	156,59 	NÃO 	0,00
201 	08/01/2000 	55 	22 	05 	30 	35 	20 	1 	1.038.373,94 	77 	11.237,81 	4502 	191,48 	NÃO 	0,00
202 	15/01/2000 	49 	53 	44 	12 	24 	45 	0 	0,00 	65 	12.412,65 	4279 	187,85 	SIM 	968.186,82
203 	22/01/2000 	11 	55 	44 	19 	29 	47 	0 	0,00 	63 	14.099,33 	5417 	163,36 	SIM 	2.034.096,14
204 	29/01/2000 	31 	41 	51 	39 	58 	29 	0 	0,00 	32 	30.221,85 	2400 	401,43 	SIM 	3.194.615,19
205 	05/02/2000 	26 	32 	54 	43 	46 	40 	1 	4.490.339,49 	71 	15.208,03 	6014 	178,86 	NÃO 	0,00
206 	12/02/2000 	20 	26 	56 	18 	34 	51 	0 	0,00 	43 	17.769,34 	3478 	218,86 	SIM 	916.897,74
207 	19/02/2000 	19 	07 	03 	55 	24 	53 	0 	0,00 	90 	9.663,76 	6510 	133,10 	SIM 	1.960.583,04
208 	26/02/2000 	23 	15 	57 	24 	47 	25 	0 	0,00 	72 	12.679,18 	5232 	173,83 	SIM 	3.056.064,34
209 	04/03/2000 	13 	52 	32 	41 	21 	26 	0 	0,00 	81 	12.349,82 	5496 	181,32 	SIM 	4.256.466,94
210 	11/03/2000 	37 	58 	20 	38 	48 	32 	0 	0,00 	29 	46.721,17 	3921 	344,24 	SIM 	14.043.878,83
211 	18/03/2000 	10 	20 	40 	45 	50 	33 	0 	0,00 	164 	10.880,27 	16680 	106,58 	SIM 	16.185.115,03
212 	25/03/2000 	29 	57 	15 	45 	59 	06 	0 	0,00 	147 	13.318,79 	9880 	197,42 	SIM 	18.534.548,53
213 	01/04/2000 	03 	30 	09 	35 	23 	32 	3 	7.089.194,54 	312 	7.299,77 	18348 	123,66 	NÃO 	0,00
214 	08/04/2000 	30 	12 	06 	50 	35 	31 	0 	0,00 	54 	15.578,04 	3769 	222,35 	SIM 	1.009.456,63
215 	15/04/2000 	07 	58 	28 	53 	37 	46 	0 	0,00 	78 	12.078,40 	4942 	189,92 	SIM 	2.139.994,41
216 	22/04/2000 	35 	42 	59 	18 	30 	14 	4 	801.057,55 	91 	9.745,75 	5049 	175,00 	NÃO 	0,00
217 	29/04/2000 	27 	32 	03 	51 	49 	45 	0 	0,00 	159 	4.599,62 	5820 	125,19 	SIM 	877.607,32
218 	06/05/2000 	54 	40 	42 	17 	47 	12 	1 	1.878.255,09 	95 	8.777,61 	4679 	177,55 	NÃO 	0,00
219 	13/05/2000 	26 	23 	49 	28 	42 	36 	0 	0,00 	80 	9.221,78 	5139 	143,02 	SIM 	885.291,29
220 	20/05/2000 	36 	53 	55 	13 	60 	14 	1 	12.636.751,12 	125 	12.488,05 	8067 	192,78 	NÃO 	0,00
221 	27/05/2000 	54 	13 	58 	43 	50 	27 	0 	0,00 	49 	14.565,66 	3793 	187,45 	SIM 	856.460,89
222 	03/06/2000 	05 	48 	30 	55 	52 	19 	0 	0,00 	55 	15.243,16 	4462 	187,18 	SIM 	1.862.509,60
223 	10/06/2000 	28 	24 	22 	02 	58 	06 	0 	0,00 	163 	5.838,31 	7780 	121,86 	SIM 	3.004.483,21
224 	17/06/2000 	20 	16 	18 	07 	44 	21 	0 	0,00 	119 	8.706,35 	7185 	143,77 	SIM 	4.247.750,04
225 	24/06/2000 	21 	16 	04 	37 	02 	58 	0 	0,00 	83 	12.542,39 	5517 	188,14 	SIM 	5.496.971,76
226 	01/07/2000 	02 	50 	59 	38 	49 	01 	1 	6.916.920,13 	78 	15.170,39 	4123 	286,14 	NÃO 	0,00
227 	08/07/2000 	37 	26 	27 	42 	11 	48 	0 	0,00 	51 	14.471,45 	3648 	201,72 	SIM 	885.652,57
228 	15/07/2000 	16 	40 	45 	59 	43 	13 	0 	0,00 	64 	13.240,28 	4497 	187,87 	SIM 	1.902.506,15
229 	22/07/2000 	39 	45 	11 	21 	33 	13 	1 	2.992.781,57 	121 	7.508,79 	7685 	117,88 	NÃO 	0,00
230 	29/07/2000 	56 	44 	41 	40 	08 	53 	0 	0,00 	94 	15.000,56 	5820 	241,56 	SIM 	9.547.336,00
231 	05/08/2000 	16 	59 	27 	42 	44 	36 	0 	0,00 	125 	12.896,11 	9458 	169,93 	SIM 	11.481.752,44
232 	12/08/2000 	29 	19 	41 	22 	37 	59 	0 	0,00 	124 	14.598,36 	8807 	204,93 	SIM 	13.653.988,77
233 	19/08/2000 	45 	03 	24 	36 	07 	32 	5 	3.196.547,03 	512 	3.790,28 	21452 	90,20 	NÃO 	0,00
234 	26/08/2000 	15 	45 	54 	25 	42 	41 	0 	0,00 	39 	19.369,91 	3505 	214,89 	SIM 	906.511,63
235 	02/09/2000 	29 	41 	55 	02 	31 	22 	0 	0,00 	52 	16.604,49 	3086 	278,96 	SIM 	1.942.631,63
236 	09/09/2000 	10 	52 	50 	57 	25 	60 	0 	0,00 	76 	12.197,95 	4703 	196,53 	SIM 	3.055.084,91
237 	16/09/2000 	36 	07 	45 	31 	56 	57 	0 	0,00 	54 	19.896,75 	4145 	258,44 	SIM 	4.344.394,18
238 	23/09/2000 	15 	09 	41 	13 	37 	42 	4 	1.429.476,11 	188 	6.088,25 	10483 	108,86 	NÃO 	0,00
239 	30/09/2000 	33 	21 	44 	46 	47 	06 	1 	866.183,32 	30 	24.060,65 	3826 	188,10 	NÃO 	0,00
240 	07/10/2000 	59 	28 	25 	41 	57 	38 	0 	0,00 	103 	15.200,74 	6244 	250,00 	SIM 	11.686.511,34
241 	14/10/2000 	11 	57 	40 	35 	56 	31 	0 	0,00 	74 	22.811,94 	5485 	306,85 	SIM 	13.712.211,55
242 	21/10/2000 	22 	07 	04 	21 	28 	56 	0 	0,00 	203 	9.933,73 	13497 	148,97 	SIM 	16.132.069,11
243 	28/10/2000 	20 	47 	23 	32 	16 	11 	0 	0,00 	180 	12.019,97 	13705 	157,40 	SIM 	18.728.383,13
244 	04/11/2000 	19 	60 	50 	24 	47 	33 	0 	0,00 	204 	13.698,02 	14735 	189,08 	SIM 	22.081.659,67
245 	11/11/2000 	44 	51 	27 	53 	08 	60 	3 	9.153.484,88 	283 	15.838,62 	21593 	206,96 	NÃO 	0,00
246 	18/11/2000 	02 	57 	32 	43 	16 	37 	0 	0,00 	93 	9.292,06 	5429 	158,71 	SIM 	1.036.993,80
247 	25/11/2000 	34 	03 	30 	10 	23 	46 	0 	0,00 	80 	12.080,19 	6425 	149,96 	SIM 	2.196.692,29
248 	02/12/2000 	56 	16 	34 	41 	35 	32 	0 	0,00 	50 	21.550,72 	4862 	220,96 	SIM 	3.489.735,08
249 	09/12/2000 	21 	55 	54 	40 	36 	49 	0 	0,00 	60 	19.680,20 	4247 	277,21 	SIM 	4.906.709,76
250 	16/12/2000 	55 	25 	41 	42 	43 	07 	0 	0,00 	203 	10.867,31 	15545 	141,50 	SIM 	22.593.628,59
251 	23/12/2000 	34 	15 	23 	55 	49 	30 	0 	0,00 	180 	15.473,98 	12813 	216,73 	SIM 	25.936.007,67
252 	30/12/2000 	17 	54 	04 	51 	32 	26 	2 	15.107.002,24 	354 	10.070,62 	22122 	160,67 	NÃO 	0,00
253 	06/01/2001 	12 	11 	56 	44 	24 	37 	0 	0,00 	126 	6.985,77 	7260 	120,88 	SIM 	1.056.248,75
254 	13/01/2001 	04 	30 	56 	21 	22 	01 	0 	0,00 	66 	16.400,47 	6381 	169,14 	SIM 	2.355.166,17
255 	20/01/2001 	32 	44 	55 	19 	20 	16 	0 	0,00 	80 	14.363,63 	6812 	168,19 	SIM 	3.734.074,48
256 	27/01/2001 	21 	52 	34 	26 	02 	32 	0 	0,00 	91 	13.336,96 	6319 	191,49 	SIM 	5.190.470,09
257 	03/02/2001 	28 	05 	01 	34 	04 	19 	1 	6.808.483,96 	175 	7.704,83 	11706 	114,84 	NÃO 	0,00
258 	10/02/2001 	12 	60 	54 	07 	55 	50 	0 	0,00 	53 	15.960,68 	3615 	233,30 	SIM 	1.015.099,19
259 	17/02/2001 	20 	43 	33 	13 	15 	58 	0 	0,00 	65 	15.136,22 	5581 	175,77 	SIM 	2.195.724,03
260 	24/02/2001 	43 	04 	60 	59 	06 	33 	0 	0,00 	120 	16.065,94 	8956 	214,63 	SIM 	17.357.124,85
261 	03/03/2001 	05 	54 	20 	56 	30 	16 	0 	0,00 	91 	22.350,19 	7281 	278,51 	SIM 	19.797.765,32
262 	10/03/2001 	53 	60 	48 	20 	58 	11 	0 	0,00 	108 	24.643,78 	8838 	300,24 	SIM 	22.991.600,18
263 	17/03/2001 	08 	50 	26 	09 	53 	43 	0 	0,00 	136 	24.937,18 	12752 	265,17 	SIM 	27.061.348,12
264 	24/03/2001 	05 	25 	31 	13 	01 	33 	2 	16.055.880,73 	979 	4.298,96 	50364 	83,25 	NÃO 	0,00
265 	31/03/2001 	07 	50 	53 	16 	41 	34 	0 	0,00 	64 	14.676,59 	3855 	242,74 	SIM 	1.127.161,81
266 	07/04/2001 	38 	54 	48 	23 	02 	46 	0 	0,00 	89 	12.318,14 	6687 	163,33 	SIM 	2.442.739,49
267 	14/04/2001 	58 	01 	45 	55 	08 	46 	0 	0,00 	46 	23.142,59 	4076 	260,19 	SIM 	3.720.210,04
268 	21/04/2001 	21 	10 	47 	06 	05 	33 	0 	0,00 	111 	10.348,29 	10133 	112,93 	SIM 	5.098.601,74
269 	28/04/2001 	19 	18 	52 	25 	17 	49 	0 	0,00 	110 	12.115,70 	8717 	152,31 	SIM 	6.697.873,66
270 	05/05/2001 	45 	27 	35 	40 	05 	09 	1 	25.186.260,21 	228 	9.665,14 	16867 	130,16 	NÃO 	0,00
271 	12/05/2001 	14 	31 	54 	29 	26 	24 	0 	0,00 	43 	19.939,25 	4385 	194,79 	SIM 	1.028.865,23
272 	19/05/2001 	36 	58 	09 	10 	56 	24 	0 	0,00 	70 	14.013,37 	5491 	177,97 	SIM 	2.205.988,15
273 	26/05/2001 	47 	52 	10 	27 	23 	17 	1 	3.456.480,23 	92 	11.326,92 	7241 	143,38 	NÃO 	0,00
274 	02/06/2001 	11 	39 	47 	18 	13 	26 	0 	0,00 	142 	5.488,22 	7420 	104,64 	SIM 	935.192,94
275 	09/06/2001 	16 	30 	19 	38 	48 	37 	0 	0,00 	41 	22.897,52 	3737 	250,27 	SIM 	2.061.751,10
276 	16/06/2001 	53 	59 	39 	45 	22 	57 	0 	0,00 	79 	12.486,98 	5172 	190,01 	SIM 	3.245.516,79
277 	23/06/2001 	40 	26 	38 	04 	56 	52 	0 	0,00 	95 	11.578,72 	5404 	202,78 	SIM 	4.565.490,29
278 	30/06/2001 	22 	10 	18 	55 	15 	31 	0 	0,00 	99 	11.868,09 	6996 	167,32 	SIM 	5.975.419,10
279 	07/07/2001 	31 	59 	04 	58 	23 	47 	0 	0,00 	58 	23.664,88 	6137 	222,81 	SIM 	7.622.494,24
280 	14/07/2001 	05 	16 	30 	25 	58 	20 	0 	0,00 	192 	11.199,47 	14673 	146,00 	SIM 	19.351.758,16
281 	21/07/2001 	11 	05 	47 	31 	53 	38 	1 	22.414.093,50 	188 	13.574,18 	12864 	197,63 	NÃO 	0,00
282 	28/07/2001 	33 	24 	36 	09 	14 	23 	1 	958.878,82 	76 	10.514,03 	6064 	131,27 	NÃO 	0,00
283 	01/08/2001 	48 	34 	28 	54 	25 	42 	1 	367.173,22 	36 	8.499,38 	2126 	143,38 	NÃO 	0,00
284 	04/08/2001 	08 	36 	14 	32 	30 	07 	1 	901.884,48 	75 	10.020,94 	5358 	139,74 	NÃO 	0,00
285 	08/08/2001 	50 	56 	41 	12 	32 	37 	0 	0,00 	17 	20.875,96 	1173 	301,41 	SIM 	425.869,64
286 	11/08/2001 	44 	37 	56 	29 	47 	35 	0 	0,00 	59 	13.743,96 	3739 	216,06 	SIM 	1.398.941,94
287 	15/08/2001 	60 	47 	03 	33 	25 	13 	1 	1.931.474,80 	110 	4.034,34 	5633 	78,49 	NÃO 	0,00
288 	18/08/2001 	50 	09 	18 	11 	06 	17 	0 	0,00 	82 	8.749,64 	4763 	150,07 	SIM 	860.964,72
289 	22/08/2001 	36 	06 	30 	20 	07 	25 	0 	0,00 	29 	13.819,12 	2197 	181,72 	SIM 	1.341.870,11
290 	25/08/2001 	57 	30 	07 	25 	40 	26 	0 	0,00 	56 	20.662,23 	4869 	236,75 	SIM 	10.159.688,47
291 	29/08/2001 	22 	16 	05 	41 	18 	17 	0 	0,00 	71 	11.244,78 	4870 	163,32 	SIM 	11.117.743,68
292 	01/09/2001 	24 	34 	53 	45 	23 	13 	0 	0,00 	116 	11.313,30 	8670 	150,80 	SIM 	12.692.554,40
293 	05/09/2001 	06 	12 	35 	05 	28 	07 	0 	0,00 	167 	5.817,88 	10185 	95,03 	SIM 	13.858.457,03
294 	08/09/2001 	28 	45 	41 	22 	57 	25 	2 	7.696.680,33 	130 	9.839,13 	7434 	171,41 	NÃO 	0,00
295 	12/09/2001 	24 	44 	07 	31 	12 	50 	0 	0,00 	36 	10.242,27 	2055 	178,75 	SIM 	442.466,08
296 	15/09/2001 	20 	51 	42 	03 	52 	46 	0 	0,00 	29 	26.582,95 	2348 	327,09 	SIM 	1.367.552,68
297 	19/09/2001 	20 	28 	41 	01 	33 	36 	0 	0,00 	25 	19.353,56 	1920 	251,05 	SIM 	1.948.159,43
298 	22/09/2001 	22 	34 	24 	23 	05 	60 	1 	2.994.572,21 	50 	17.440,22 	4372 	198,71 	NÃO 	0,00
299 	26/09/2001 	07 	05 	02 	53 	33 	49 	0 	0,00 	33 	10.538,82 	2049 	169,09 	SIM 	417.337,23
300 	29/09/2001 	27 	57 	41 	38 	28 	24 	0 	0,00 	48 	22.820,73 	4820 	226,40 	SIM 	8.421.199,74
301 	03/10/2001 	58 	26 	49 	57 	48 	09 	0 	0,00 	28 	29.571,34 	2892 	285,22 	SIM 	9.414.796,91
302 	06/10/2001 	25 	40 	12 	60 	30 	41 	0 	0,00 	101 	13.505,06 	6361 	213,63 	SIM 	11.051.609,38
303 	10/10/2001 	07 	13 	30 	37 	47 	17 	1 	12.257.748,27 	215 	4.674,95 	12861 	77,86 	NÃO 	0,00
304 	13/10/2001 	42 	07 	11 	34 	59 	41 	0 	0,00 	58 	11.050,10 	3274 	195,02 	SIM 	769.087,04
305 	17/10/2001 	11 	05 	27 	60 	38 	53 	0 	0,00 	47 	10.013,62 	3770 	124,37 	SIM 	1.333.855,18
306 	20/10/2001 	30 	19 	57 	41 	56 	47 	0 	0,00 	28 	29.736,18 	2294 	361,58 	SIM 	2.332.990,80
307 	24/10/2001 	26 	17 	13 	41 	16 	44 	0 	0,00 	44 	12.632,80 	3962 	139,76 	SIM 	3.000.002,70
308 	27/10/2001 	55 	25 	04 	11 	29 	39 	1 	4.138.172,99 	62 	15.297,99 	5173 	182,67 	NÃO 	0,00
309 	31/10/2001 	39 	50 	25 	55 	11 	04 	1 	442.899,06 	3001 	122,53 	2997 	122,69 	NÃO 	0,00
310 	03/11/2001 	28 	14 	29 	02 	31 	32 	0 	0,00 	81 	10.544,47 	5093 	167,07 	SIM 	7.512.984,90
311 	07/11/2001 	32 	22 	24 	41 	30 	38 	0 	0,00 	31 	25.454,68 	2871 	273,81 	SIM 	8.459.898,95
312 	10/11/2001 	14 	30 	50 	41 	47 	23 	0 	0,00 	76 	15.889,75 	4985 	241,33 	SIM 	9.909.043,97
313 	14/11/2001 	14 	38 	53 	24 	16 	37 	0 	0,00 	61 	15.665,21 	5547 	171,62 	SIM 	11.055.737,35
314 	17/11/2001 	05 	32 	40 	58 	37 	34 	0 	0,00 	93 	12.287,32 	5542 	205,42 	SIM 	12.427.002,17
315 	21/11/2001 	50 	21 	43 	12 	28 	22 	1 	13.675.105,67 	43 	24.188,06 	4598 	225,35 	NÃO 	0,00
316 	24/11/2001 	28 	51 	56 	06 	24 	43 	0 	0,00 	104 	6.446,33 	4093 	163,18 	SIM 	804.502,07
317 	28/11/2001 	27 	20 	48 	16 	30 	35 	0 	0,00 	23 	18.858,99 	2088 	206,96 	SIM 	1.325.010,22
318 	01/12/2001 	19 	53 	40 	03 	31 	20 	1 	2.227.008,03 	46 	16.340,54 	3071 	243,84 	NÃO 	0,00
319 	05/12/2001 	12 	16 	23 	17 	19 	48 	0 	0,00 	52 	7.242,06 	3342 	112,26 	SIM 	451.904,22
320 	08/12/2001 	20 	53 	47 	50 	22 	27 	0 	0,00 	77 	15.489,00 	4916 	241,69 	SIM 	8.460.390,65
321 	12/12/2001 	11 	31 	32 	48 	49 	04 	0 	0,00 	55 	16.954,09 	3729 	249,11 	SIM 	9.579.360,38
322 	15/12/2001 	18 	11 	29 	44 	47 	56 	0 	0,00 	87 	15.453,45 	7835 	170,95 	SIM 	11.192.700,36
323 	19/12/2001 	31 	49 	54 	33 	26 	40 	0 	0,00 	56 	19.921,91 	4244 	261,89 	SIM 	12.531.452,28
324 	22/12/2001 	22 	08 	30 	15 	47 	25 	0 	0,00 	211 	7.938,40 	12192 	136,87 	SIM 	14.541.455,70
325 	29/12/2001 	04 	23 	03 	01 	21 	53 	2 	8.743.877,80 	256 	9.590,82 	15646 	156,33 	NÃO 	0,00
326 	05/01/2002 	52 	23 	40 	51 	44 	21 	0 	0,00 	27 	32.367,36 	2674 	325,58 	SIM 	1.048.702,44
327 	09/01/2002 	46 	38 	29 	33 	32 	48 	0 	0,00 	16 	30.517,93 	2112 	230,33 	SIM 	1.634.646,68
328 	12/01/2002 	51 	05 	23 	07 	14 	21 	1 	2.721.357,01 	100 	9.055,92 	7121 	126,69 	NÃO 	0,00
329 	16/01/2002 	24 	11 	40 	12 	35 	10 	0 	0,00 	40 	10.380,30 	2904 	142,44 	SIM 	9.617.027,24
330 	19/01/2002 	02 	04 	23 	37 	14 	51 	0 	0,00 	120 	10.924,51 	7914 	165,03 	SIM 	11.190.156,01
331 	23/01/2002 	27 	01 	35 	20 	37 	13 	0 	0,00 	70 	13.872,44 	6408 	150,97 	SIM 	12.355.441,42
332 	26/01/2002 	28 	23 	42 	29 	44 	34 	0 	0,00 	83 	16.762,69 	6713 	206,47 	SIM 	14.025.004,81
333 	30/01/2002 	35 	27 	53 	44 	52 	04 	0 	0,00 	93 	12.692,31 	6221 	189,02 	SIM 	15.441.466,12
334 	02/02/2002 	41 	26 	51 	14 	24 	23 	2 	8.729.392,91 	1200 	1.400,91 	8839 	189,47 	NÃO 	0,00
335 	06/02/2002 	43 	33 	57 	23 	59 	07 	0 	0,00 	24 	17.736,83 	2134 	198,73 	SIM 	510.820,70
336 	09/02/2002 	02 	18 	54 	22 	30 	26 	0 	0,00 	68 	11.058,60 	4141 	180,91 	SIM 	1.413.202,70
337 	16/02/2002 	31 	52 	14 	54 	16 	04 	0 	0,00 	34 	27.110,52 	3454 	265,86 	SIM 	2.519.311,97
338 	20/02/2002 	48 	46 	09 	01 	36 	04 	0 	0,00 	43 	14.031,02 	3245 	185,23 	SIM 	3.243.312,50
339 	23/02/2002 	13 	16 	12 	05 	27 	50 	0 	0,00 	76 	12.374,85 	6908 	135,64 	SIM 	12.514.336,94
340 	27/02/2002 	10 	60 	42 	09 	33 	12 	0 	0,00 	121 	9.877,84 	6970 	170,83 	SIM 	13.948.598,35
341 	02/03/2002 	56 	23 	22 	43 	16 	05 	0 	0,00 	166 	9.623,14 	11103 	143,34 	SIM 	15.865.526,88
342 	06/03/2002 	29 	49 	54 	51 	16 	34 	0 	0,00 	93 	15.067,81 	5578 	250,27 	SIM 	17.547.094,93
343 	09/03/2002 	04 	06 	07 	24 	12 	41 	2 	9.937.283,03 	246 	7.884,39 	17023 	113,51 	NÃO 	0,00
344 	13/03/2002 	33 	36 	12 	35 	10 	14 	0 	0,00 	46 	9.494,33 	3487 	124,78 	SIM 	524.086,97
345 	16/03/2002 	56 	11 	58 	46 	51 	22 	1 	1.447.870,53 	27 	28.511,84 	2170 	353,42 	NÃO 	0,00
346 	20/03/2002 	56 	07 	46 	60 	41 	12 	0 	0,00 	20 	19.632,30 	1589 	246,17 	SIM 	471.175,04
347 	23/03/2002 	26 	10 	52 	01 	12 	48 	0 	0,00 	72 	9.988,89 	4730 	151,48 	SIM 	1.334.215,32
348 	27/03/2002 	39 	40 	33 	52 	19 	30 	0 	0,00 	19 	26.763,06 	1547 	327,46 	SIM 	1.944.413,01
349 	30/03/2002 	09 	38 	32 	08 	54 	28 	0 	0,00 	46 	14.053,06 	3264 	197,31 	SIM 	10.405.636,15
350 	03/04/2002 	23 	30 	43 	10 	15 	57 	0 	0,00 	80 	11.801,82 	5012 	187,66 	SIM 	11.538.610,20
351 	06/04/2002 	15 	16 	59 	60 	24 	41 	0 	0,00 	98 	14.478,34 	5832 	242,37 	SIM 	13.241.262,56
352 	10/04/2002 	49 	07 	47 	25 	20 	44 	0 	0,00 	161 	7.848,74 	8080 	155,80 	SIM 	14.757.638,49
353 	13/04/2002 	60 	46 	30 	55 	23 	19 	0 	0,00 	89 	19.537,11 	6862 	252,44 	SIM 	16.844.201,81
354 	17/04/2002 	40 	52 	38 	16 	07 	41 	1 	18.680.098,10 	93 	16.450,68 	6184 	246,46 	NÃO 	0,00
355 	20/04/2002 	02 	37 	22 	60 	14 	23 	0 	0,00 	50 	14.412,47 	4711 	152,39 	SIM 	864.747,94
356 	24/04/2002 	54 	19 	05 	58 	56 	21 	0 	0,00 	32 	15.777,72 	2415 	208,28 	SIM 	1.470.612,40
357 	27/04/2002 	45 	53 	32 	02 	30 	35 	0 	0,00 	34 	23.899,52 	3265 	247,94 	SIM 	2.445.712,66
358 	04/05/2002 	40 	42 	32 	12 	21 	17 	0 	0,00 	84 	12.903,06 	5798 	186,23 	SIM 	3.746.340,86
359 	08/05/2002 	31 	54 	20 	29 	13 	19 	0 	0,00 	56 	13.050,25 	3953 	184,17 	SIM 	13.221.837,92
360 	11/05/2002 	47 	24 	29 	55 	53 	23 	0 	0,00 	133 	10.645,79 	8382 	168,28 	SIM 	14.920.906,83
361 	15/05/2002 	41 	28 	45 	31 	16 	59 	0 	0,00 	98 	12.456,14 	5236 	232,26 	SIM 	16.385.748,75
362 	18/05/2002 	37 	20 	33 	46 	07 	56 	1 	18.399.160,53 	110 	15.253,12 	8313 	201,08 	NÃO 	0,00
363 	22/05/2002 	39 	54 	29 	49 	47 	19 	0 	0,00 	27 	14.921,89 	2225 	180,39 	SIM 	483.469,12
364 	25/05/2002 	59 	44 	29 	05 	51 	57 	1 	1.307.293,04 	76 	9.033,16 	3315 	206,32 	NÃO 	0,00
365 	29/05/2002 	52 	19 	34 	37 	58 	23 	1 	462.752,26 	45 	8.569,49 	2433 	157,90 	NÃO 	0,00
366 	01/06/2002 	06 	04 	51 	07 	21 	15 	0 	0,00 	41 	12.721,16 	3489 	148,93 	SIM 	625.880,91
367 	05/06/2002 	52 	49 	27 	33 	12 	10 	1 	1.150.498,02 	71 	6.157,48 	3040 	143,27 	NÃO 	0,00
368 	08/06/2002 	13 	50 	38 	32 	44 	29 	0 	0,00 	53 	10.725,28 	3220 	175,87 	SIM 	682.127,44
369 	12/06/2002 	21 	42 	01 	60 	35 	14 	1 	1.221.738,07 	46 	9.775,55 	4167 	107,51 	NÃO 	0,00
370 	15/06/2002 	51 	42 	04 	54 	01 	40 	0 	0,00 	40 	23.283,30 	3230 	287,25 	SIM 	7.330.667,64
371 	19/06/2002 	23 	33 	39 	04 	60 	18 	0 	0,00 	47 	16.675,12 	3979 	196,23 	SIM 	8.271.144,70
372 	22/06/2002 	24 	17 	46 	57 	16 	39 	2 	4.792.658,35 	85 	12.884,04 	6743 	161,80 	NÃO 	0,00
373 	26/06/2002 	31 	33 	24 	10 	05 	01 	0 	0,00 	52 	6.480,14 	3292 	101,98 	SIM 	404.360,65
374 	29/06/2002 	54 	02 	26 	05 	44 	16 	0 	0,00 	80 	8.073,17 	3326 	193,45 	SIM 	1.179.384,47
375 	03/07/2002 	51 	09 	42 	05 	58 	01 	0 	0,00 	33 	14.359,09 	2359 	200,11 	SIM 	1.748.004,50
376 	06/07/2002 	25 	13 	10 	43 	35 	48 	0 	0,00 	110 	7.257,00 	6956 	114,33 	SIM 	2.705.928,72
377 	10/07/2002 	46 	19 	03 	45 	12 	27 	0 	0,00 	87 	6.639,02 	5468 	105,23 	SIM 	3.399.042,30
378 	13/07/2002 	55 	45 	48 	41 	05 	38 	0 	0,00 	36 	25.450,60 	3115 	293,02 	SIM 	4.498.508,08
379 	17/07/2002 	41 	55 	24 	59 	33 	40 	0 	0,00 	32 	23.407,93 	2830 	263,68 	SIM 	11.243.785,66
380 	20/07/2002 	47 	22 	13 	30 	31 	57 	0 	0,00 	206 	6.628,67 	7186 	189,31 	SIM 	12.882.392,95
381 	24/07/2002 	09 	56 	46 	28 	10 	55 	0 	0,00 	85 	14.181,19 	7295 	164,62 	SIM 	14.328.873,76
382 	27/07/2002 	54 	38 	53 	31 	37 	34 	0 	0,00 	68 	23.756,27 	6291 	255,82 	SIM 	16.267.384,96
383 	31/07/2002 	48 	22 	53 	56 	50 	14 	0 	0,00 	73 	23.753,43 	6573 	262,81 	SIM 	18.348.185,45
384 	03/08/2002 	28 	50 	47 	24 	40 	52 	0 	0,00 	151 	18.351,99 	10644 	259,37 	SIM 	21.673.565,65
385 	07/08/2002 	22 	12 	24 	18 	05 	16 	2 	12.952.192,89 	759 	4.645,17 	37449 	93,80 	NÃO 	0,00
386 	10/08/2002 	39 	54 	43 	36 	17 	35 	0 	0,00 	70 	11.571,98 	5236 	154,12 	SIM 	972.045,86
387 	14/08/2002 	29 	28 	48 	47 	43 	22 	0 	0,00 	40 	14.937,65 	2998 	198,55 	SIM 	1.689.053,37
388 	17/08/2002 	52 	48 	53 	58 	23 	36 	0 	0,00 	46 	18.826,46 	4293 	200,97 	SIM 	2.728.273,75
389 	21/08/2002 	46 	14 	54 	18 	43 	05 	0 	0,00 	63 	11.305,19 	4169 	170,20 	SIM 	15.745.310,46
390 	24/08/2002 	07 	22 	34 	12 	38 	53 	1 	17.611.429,97 	171 	9.094,15 	10722 	144,49 	NÃO 	0,00
391 	28/08/2002 	07 	15 	35 	16 	40 	04 	0 	0,00 	44 	10.170,35 	2740 	162,70 	SIM 	536.994,30
392 	31/08/2002 	49 	47 	39 	31 	15 	23 	1 	1.410.917,29 	68 	10.709,84 	3591 	202,03 	NÃO 	0,00
393 	04/09/2002 	12 	50 	36 	06 	35 	40 	0 	0,00 	31 	13.716,51 	1949 	217,35 	SIM 	510.254,22
394 	07/09/2002 	15 	49 	42 	05 	45 	35 	0 	0,00 	47 	11.817,80 	4815 	114,93 	SIM 	1.176.778,31
395 	11/09/2002 	11 	58 	31 	14 	10 	20 	1 	1.843.709,96 	27 	20.584,31 	2328 	237,84 	NÃO 	0,00
396 	14/09/2002 	47 	18 	06 	45 	34 	42 	0 	0,00 	63 	10.148,72 	4201 	151,63 	SIM 	767.243,59
397 	18/09/2002 	32 	24 	02 	05 	01 	46 	0 	0,00 	61 	7.992,42 	4026 	120,64 	SIM 	1.352.288,49
398 	21/09/2002 	28 	07 	16 	37 	36 	22 	1 	2.221.289,77 	63 	11.494,73 	5106 	141,29 	NÃO 	0,00
399 	25/09/2002 	59 	55 	16 	27 	47 	11 	0 	0,00 	20 	19.537,00 	1730 	225,01 	SIM 	5.676.171,41
400 	28/09/2002 	29 	59 	13 	10 	54 	28 	0 	0,00 	75 	13.254,18 	4875 	203,14 	SIM 	6.869.047,91
401 	02/10/2002 	50 	18 	44 	53 	11 	43 	0 	0,00 	33 	25.008,64 	2853 	288,18 	SIM 	7.859.389,89
402 	05/10/2002 	27 	43 	58 	05 	16 	56 	0 	0,00 	146 	7.927,99 	7787 	148,08 	SIM 	9.248.373,54
403 	09/10/2002 	46 	31 	07 	16 	60 	27 	0 	0,00 	48 	19.972,95 	4099 	233,01 	SIM 	10.398.815,28
404 	12/10/2002 	24 	38 	58 	01 	40 	28 	0 	0,00 	66 	16.580,07 	4364 	249,80 	SIM 	11.711.956,93
405 	16/10/2002 	57 	60 	34 	24 	29 	47 	0 	0,00 	67 	16.988,17 	4579 	247,63 	SIM 	13.077.805,76
406 	19/10/2002 	47 	32 	48 	12 	38 	02 	0 	0,00 	78 	19.463,48 	6557 	230,66 	SIM 	14.899.587,92
407 	23/10/2002 	49 	02 	18 	51 	22 	57 	0 	0,00 	90 	16.315,38 	6383 	229,18 	SIM 	16.661.649,27
408 	26/10/2002 	49 	44 	33 	28 	56 	14 	1 	18.948.827,67 	269 	7.085,43 	13970 	135,92 	NÃO 	0,00
409 	30/10/2002 	26 	49 	25 	18 	31 	34 	0 	0,00 	23 	18.741,96 	1958 	219,32 	SIM 	9.710.567,61
410 	02/11/2002 	31 	55 	36 	24 	08 	38 	0 	0,00 	101 	10.257,12 	5799 	177,97 	SIM 	10.953.730,37
411 	06/11/2002 	10 	56 	12 	31 	45 	38 	0 	0,00 	91 	11.814,39 	5115 	209,40 	SIM 	12.243.861,06
412 	09/11/2002 	45 	05 	14 	21 	59 	12 	0 	0,00 	89 	16.616,72 	8542 	172,49 	SIM 	14.018.527,28
413 	13/11/2002 	35 	53 	29 	33 	02 	04 	0 	0,00 	102 	13.376,53 	7746 	175,49 	SIM 	15.655.814,53
414 	16/11/2002 	35 	26 	58 	52 	45 	16 	1 	17.428.452,98 	51 	28.964,68 	5527 	266,26 	NÃO 	0,00
415 	20/11/2002 	38 	44 	04 	01 	27 	42 	0 	0,00 	40 	11.027,47 	2415 	181,96 	SIM 	529.318,35
416 	23/11/2002 	13 	01 	23 	56 	54 	33 	0 	0,00 	44 	16.547,76 	4032 	179,90 	SIM 	1.403.039,91
417 	27/11/2002 	25 	07 	12 	21 	42 	34 	0 	0,00 	78 	7.435,78 	5218 	110,73 	SIM 	2.099.028,66
418 	30/11/2002 	45 	08 	32 	49 	15 	52 	2 	1.558.712,24 	82 	10.349,55 	5133 	164,72 	NÃO 	0,00
419 	04/12/2002 	41 	42 	52 	53 	16 	09 	0 	0,00 	30 	14.860,22 	1594 	278,62 	SIM 	8.115.153,05
420 	07/12/2002 	43 	12 	59 	30 	57 	29 	0 	0,00 	83 	13.949,86 	5614 	205,47 	SIM 	9.504.559,06
421 	11/12/2002 	38 	45 	35 	37 	05 	51 	0 	0,00 	47 	21.307,17 	4716 	211,55 	SIM 	10.706.283,47
422 	14/12/2002 	60 	12 	56 	37 	55 	43 	0 	0,00 	80 	16.823,65 	6516 	205,77 	SIM 	12.321.354,11
423 	18/12/2002 	08 	22 	33 	40 	32 	53 	0 	0,00 	66 	17.925,27 	4178 	282,10 	SIM 	13.741.035,48
424 	21/12/2002 	29 	36 	27 	18 	59 	46 	0 	0,00 	91 	17.356,78 	7389 	212,95 	SIM 	15.636.395,41
425 	28/12/2002 	06 	16 	10 	34 	47 	42 	1 	18.979.599,19 	279 	9.985,67 	17411 	159,42 	NÃO 	0,00
426 	04/01/2003 	07 	32 	54 	50 	30 	37 	0 	0,00 	58 	13.241,94 	3139 	243,76 	SIM 	921.638,77
427 	08/01/2003 	51 	13 	43 	24 	03 	14 	0 	0,00 	48 	11.642,10 	3563 	156,25 	SIM 	1.592.223,84
428 	11/01/2003 	60 	08 	32 	28 	46 	30 	0 	0,00 	48 	16.919,00 	3734 	216,67 	SIM 	2.566.758,37
429 	15/01/2003 	55 	32 	17 	36 	26 	43 	0 	0,00 	44 	14.978,72 	3300 	198,96 	SIM 	12.839.021,93
430 	18/01/2003 	50 	21 	10 	25 	38 	08 	1 	14.410.708,81 	85 	15.408,70 	6944 	187,90 	NÃO 	0,00
431 	22/01/2003 	58 	26 	40 	37 	47 	52 	0 	0,00 	20 	21.069,89 	1184 	354,56 	SIM 	505.677,41
432 	25/01/2003 	50 	17 	13 	27 	04 	39 	0 	0,00 	54 	12.185,97 	4278 	153,24 	SIM 	1.295.327,95
433 	29/01/2003 	36 	17 	28 	16 	54 	30 	0 	0,00 	31 	16.580,20 	2332 	219,58 	SIM 	1.912.111,54
434 	01/02/2003 	24 	17 	04 	54 	30 	10 	0 	0,00 	84 	9.173,28 	4870 	157,63 	SIM 	2.836.778,00
435 	05/02/2003 	37 	11 	17 	31 	43 	10 	0 	0,00 	55 	11.059,32 	3243 	186,85 	SIM 	3.566.693,13
436 	08/02/2003 	01 	06 	57 	29 	48 	07 	0 	0,00 	47 	19.531,31 	4696 	194,74 	SIM 	4.668.258,69
437 	12/02/2003 	54 	10 	59 	44 	30 	07 	0 	0,00 	33 	22.273,90 	2829 	258,84 	SIM 	5.550.305,04
438 	15/02/2003 	38 	48 	14 	03 	11 	05 	0 	0,00 	65 	16.281,73 	6276 	167,99 	SIM 	6.820.280,27
439 	19/02/2003 	42 	13 	20 	29 	43 	57 	0 	0,00 	65 	13.353,84 	4407 	196,22 	SIM 	14.150.924,79
440 	22/02/2003 	46 	23 	30 	47 	05 	03 	0 	0,00 	139 	10.909,13 	10120 	149,28 	SIM 	15.970.566,86
441 	26/02/2003 	02 	15 	58 	10 	59 	21 	0 	0,00 	121 	11.917,74 	6941 	206,98 	SIM 	17.701.023,29
442 	01/03/2003 	15 	31 	23 	06 	59 	37 	1 	19.946.601,01 	135 	13.861,59 	9944 	187,48 	NÃO 	0,00
443 	08/03/2003 	11 	36 	17 	26 	52 	48 	0 	0,00 	47 	16.322,42 	3738 	204,46 	SIM 	920.584,21
444 	12/03/2003 	48 	52 	57 	24 	03 	33 	0 	0,00 	43 	13.890,62 	3332 	178,58 	SIM 	1.637.340,11
445 	15/03/2003 	31 	50 	07 	53 	32 	20 	0 	0,00 	31 	28.559,37 	3101 	284,42 	SIM 	2.699.748,84
446 	19/03/2003 	11 	20 	08 	47 	12 	17 	2 	1.767.117,91 	65 	10.698,55 	5039 	137,48 	NÃO 	0,00
447 	22/03/2003 	24 	55 	15 	33 	25 	42 	0 	0,00 	55 	12.010,32 	5613 	117,25 	SIM 	792.681,47
448 	26/03/2003 	05 	03 	52 	45 	09 	51 	0 	0,00 	40 	13.356,99 	2999 	177,48 	SIM 	1.433.817,03
449 	29/03/2003 	34 	56 	24 	01 	49 	08 	0 	0,00 	55 	14.643,05 	3656 	219,46 	SIM 	10.220.372,33
450 	02/04/2003 	59 	51 	13 	01 	09 	50 	0 	0,00 	108 	10.575,60 	6194 	183,70 	SIM 	11.590.970,46
451 	05/04/2003 	23 	18 	31 	17 	53 	28 	0 	0,00 	87 	17.131,80 	7368 	201,53 	SIM 	13.379.529,89
452 	09/04/2003 	54 	11 	51 	16 	36 	30 	0 	0,00 	76 	18.847,21 	6317 	225,90 	SIM 	15.098.395,42
453 	12/04/2003 	58 	52 	08 	34 	20 	23 	0 	0,00 	120 	15.932,45 	7882 	241,65 	SIM 	17.392.667,68
454 	16/04/2003 	04 	17 	42 	56 	46 	24 	0 	0,00 	275 	7.515,39 	16564 	124,30 	SIM 	19.872.744,64
455 	19/04/2003 	50 	15 	17 	02 	14 	59 	0 	0,00 	86 	23.171,64 	7989 	248,50 	SIM 	22.264.057,74
456 	23/04/2003 	17 	40 	22 	27 	33 	03 	0 	0,00 	221 	11.142,66 	16964 	144,61 	SIM 	25.219.091,20
457 	26/04/2003 	48 	15 	24 	27 	17 	32 	3 	10.000.441,74 	480 	8.302,49 	31340 	126,68 	NÃO 	0,00
458 	30/04/2003 	43 	53 	13 	32 	34 	24 	0 	0,00 	82 	7.395,34 	3921 	154,08 	SIM 	727.701,47
459 	03/05/2003 	43 	17 	08 	15 	49 	39 	0 	0,00 	62 	12.146,48 	4197 	178,76 	SIM 	15.906.301,09
460 	07/05/2003 	19 	55 	30 	23 	37 	49 	0 	0,00 	155 	9.688,96 	9464 	158,09 	SIM 	17.708.446,64
461 	10/05/2003 	30 	17 	20 	29 	15 	60 	0 	0,00 	189 	10.317,48 	8312 	233,71 	SIM 	20.048.450,45
462 	14/05/2003 	27 	48 	17 	19 	26 	22 	0 	0,00 	212 	9.023,34 	14463 	131,76 	SIM 	22.343.987,57
463 	17/05/2003 	07 	18 	02 	45 	03 	53 	0 	0,00 	166 	14.740,96 	15269 	159,66 	SIM 	25.280.386,38
464 	21/05/2003 	06 	33 	45 	38 	24 	50 	1 	28.414.544,43 	241 	10.837,34 	15457 	168,33 	NÃO 	0,00
465 	24/05/2003 	46 	31 	01 	57 	22 	51 	0 	0,00 	19 	40.627,81 	2175 	353,57 	SIM 	926.313,93
466 	28/05/2003 	28 	16 	45 	29 	30 	11 	0 	0,00 	64 	10.353,72 	3582 	184,29 	SIM 	1.721.479,17
467 	31/05/2003 	38 	21 	08 	22 	18 	60 	0 	0,00 	45 	20.730,13 	3907 	237,87 	SIM 	2.840.905,83
468 	04/06/2003 	23 	06 	25 	39 	51 	05 	0 	0,00 	58 	14.292,56 	4701 	175,67 	SIM 	3.835.668,21
469 	07/06/2003 	29 	47 	42 	21 	13 	26 	2 	2.596.432,92 	187 	6.048,12 	8798 	128,07 	NÃO 	0,00
470 	11/06/2003 	51 	58 	23 	11 	08 	37 	0 	0,00 	86 	13.384,59 	6094 	188,18 	SIM 	13.182.029,14
471 	14/06/2003 	51 	59 	31 	05 	36 	32 	0 	0,00 	76 	19.668,02 	5490 	271,24 	SIM 	14.975.752,83
472 	18/06/2003 	12 	03 	38 	29 	51 	04 	0 	0,00 	82 	17.224,58 	6518 	215,88 	SIM 	16.670.651,02
473 	21/06/2003 	51 	07 	58 	49 	23 	41 	0 	0,00 	65 	23.285,11 	6524 	231,12 	SIM 	18.486.889,08
474 	25/06/2003 	34 	03 	12 	50 	32 	40 	0 	0,00 	56 	34.156,59 	6910 	275,76 	SIM 	20.782.211,64
475 	28/06/2003 	19 	06 	43 	52 	08 	22 	0 	0,00 	156 	15.008,18 	13235 	176,23 	SIM 	23.591.742,20
476 	02/07/2003 	38 	43 	20 	55 	17 	58 	0 	0,00 	163 	16.837,81 	11465 	238,49 	SIM 	26.885.217,69
477 	05/07/2003 	47 	34 	08 	06 	18 	38 	3 	10.401.481,92 	279 	12.900,92 	21958 	163,30 	NÃO 	0,00
478 	09/07/2003 	30 	08 	31 	03 	21 	25 	0 	0,00 	92 	7.045,32 	4876 	132,43 	SIM 	777.803,22
479 	12/07/2003 	20 	54 	58 	26 	41 	46 	0 	0,00 	32 	29.012,34 	2834 	326,35 	SIM 	16.088.932,65
480 	16/07/2003 	36 	38 	33 	14 	49 	41 	0 	0,00 	112 	13.831,54 	8589 	179,69 	SIM 	17.947.892,21
481 	19/07/2003 	42 	06 	24 	44 	22 	13 	3 	6.796.888,03 	359 	5.670,32 	19465 	104,19 	NÃO 	0,00
482 	23/07/2003 	13 	56 	12 	33 	53 	54 	0 	0,00 	41 	14.878,29 	2929 	207,48 	SIM 	732.011,95
483 	26/07/2003 	16 	23 	35 	18 	44 	59 	0 	0,00 	90 	9.761,25 	6279 	139,38 	SIM 	1.786.227,43
484 	30/07/2003 	53 	19 	38 	18 	17 	49 	0 	0,00 	55 	13.655,17 	4015 	186,35 	SIM 	2.687.468,43
485 	02/08/2003 	38 	28 	52 	30 	19 	57 	0 	0,00 	30 	35.888,42 	3203 	334,87 	SIM 	3.979.451,73
486 	06/08/2003 	50 	42 	19 	08 	30 	14 	1 	5.125.800,12 	55 	17.368,92 	4325 	220,05 	NÃO 	0,00
487 	09/08/2003 	25 	22 	48 	52 	54 	08 	2 	467.702,34 	104 	7.495,23 	5329 	145,73 	NÃO 	0,00
488 	13/08/2003 	30 	39 	35 	43 	15 	57 	0 	0,00 	46 	11.864,07 	2699 	201,45 	SIM 	654.896,68
489 	16/08/2003 	28 	36 	17 	53 	33 	59 	0 	0,00 	67 	12.406,82 	5107 	162,16 	SIM 	9.662.631,84
490 	20/08/2003 	05 	11 	29 	54 	23 	58 	1 	11.070.173,50 	148 	7.925,35 	8438 	138,49 	NÃO 	0,00
491 	23/08/2003 	22 	43 	15 	55 	09 	01 	1 	849.344,26 	81 	8.738,11 	4221 	167,05 	NÃO 	0,00
492 	27/08/2003 	57 	02 	15 	06 	56 	18 	0 	0,00 	26 	19.041,52 	2629 	187,61 	SIM 	594.095,53
493 	30/08/2003 	54 	20 	03 	18 	42 	24 	0 	0,00 	79 	9.663,99 	5294 	143,67 	SIM 	1.510.241,51
494 	03/09/2003 	28 	32 	49 	53 	18 	20 	0 	0,00 	32 	21.997,60 	2766 	253,53 	SIM 	2.354.949,51
495 	06/09/2003 	36 	15 	60 	08 	29 	49 	0 	0,00 	48 	20.565,02 	5313 	185,09 	SIM 	3.539.495,03
496 	10/09/2003 	41 	20 	19 	29 	59 	10 	0 	0,00 	31 	27.720,31 	3495 	244,94 	SIM 	4.570.690,49
497 	13/09/2003 	09 	41 	32 	13 	58 	20 	0 	0,00 	72 	15.712,44 	5439 	207,21 	SIM 	5.928.244,66
498 	17/09/2003 	49 	28 	02 	06 	57 	50 	0 	0,00 	58 	17.603,00 	4592 	221,50 	SIM 	7.153.413,01
499 	20/09/2003 	59 	01 	11 	05 	44 	04 	1 	8.698.099,22 	126 	10.216,18 	8903 	144,04 	NÃO 	0,00
500 	27/09/2003 	35 	21 	54 	29 	38 	36 	1 	9.394.248,83 	73 	23.869,01 	6818 	254,60 	NÃO 	0,00
501 	01/10/2003 	34 	27 	56 	28 	16 	39 	0 	0,00 	43 	11.303,51 	3037 	159,45 	SIM 	583.261,35
502 	04/10/2003 	50 	07 	33 	21 	24 	13 	2 	730.915,33 	268 	2.731,87 	9549 	76,39 	NÃO 	0,00
503 	08/10/2003 	10 	21 	48 	27 	49 	07 	0 	0,00 	40 	11.636,06 	2934 	158,04 	SIM 	558.530,93
504 	11/10/2003 	39 	19 	11 	08 	50 	30 	0 	0,00 	54 	12.855,55 	4006 	172,64 	SIM 	1.391.570,39
505 	15/10/2003 	47 	20 	52 	03 	46 	28 	0 	0,00 	30 	19.736,18 	2559 	230,51 	SIM 	2.102.072,80
506 	18/10/2003 	31 	37 	34 	15 	38 	04 	0 	0,00 	65 	12.720,38 	4735 	173,96 	SIM 	3.094.262,01
507 	22/10/2003 	44 	58 	05 	27 	33 	03 	2 	1.963.484,53 	212 	3.273,22 	6604 	104,68 	NÃO 	0,00
508 	25/10/2003 	46 	56 	05 	15 	45 	10 	0 	0,00 	33 	18.038,77 	3025 	196,05 	SIM 	714.335,26
509 	29/10/2003 	32 	55 	34 	35 	28 	33 	0 	0,00 	39 	13.104,28 	2852 	178,52 	SIM 	7.199.176,21
510 	01/11/2003 	30 	45 	58 	01 	04 	41 	2 	4.252.983,06 	70 	15.557,02 	4392 	247,01 	NÃO 	0,00
511 	05/11/2003 	08 	36 	34 	37 	03 	04 	0 	0,00 	50 	8.700,75 	3155 	137,37 	SIM 	761.315,61
512 	08/11/2003 	08 	40 	58 	04 	53 	31 	3 	653.828,50 	41 	16.727,11 	2277 	300,05 	NÃO 	0,00
513 	12/11/2003 	46 	10 	27 	19 	33 	39 	0 	0,00 	46 	8.485,71 	2427 	160,23 	SIM 	683.099,65
514 	15/11/2003 	15 	52 	40 	36 	51 	42 	0 	0,00 	20 	24.964,72 	1209 	411,42 	SIM 	4.941.165,35
515 	19/11/2003 	39 	16 	57 	15 	45 	48 	0 	0,00 	33 	20.464,65 	2636 	255,23 	SIM 	6.122.998,73
516 	22/11/2003 	24 	05 	34 	13 	35 	33 	0 	0,00 	164 	5.416,02 	7718 	114,65 	SIM 	7.677.394,38
517 	26/11/2003 	51 	32 	08 	28 	38 	07 	0 	0,00 	36 	22.385,92 	3262 	246,13 	SIM 	9.087.707,16
518 	29/11/2003 	44 	08 	05 	15 	18 	10 	0 	0,00 	182 	6.014,85 	8653 	126,04 	SIM 	11.003.437,88
519 	03/12/2003 	09 	36 	15 	19 	42 	22 	0 	0,00 	111 	9.685,31 	7018 	152,61 	SIM 	18.558.840,36
520 	06/12/2003 	32 	34 	17 	35 	09 	12 	0 	0,00 	166 	10.017,32 	10884 	152,20 	SIM 	21.468.871,74
521 	10/12/2003 	28 	32 	38 	25 	15 	45 	0 	0,00 	166 	10.463,37 	10610 	163,09 	SIM 	24.508.480,18
522 	13/12/2003 	49 	52 	15 	25 	14 	06 	0 	0,00 	118 	19.311,39 	8280 	274,17 	SIM 	28.496.281,66
523 	17/12/2003 	45 	58 	40 	39 	28 	44 	0 	0,00 	123 	27.528,74 	9692 	348,05 	SIM 	34.421.843,43
524 	20/12/2003 	47 	29 	34 	48 	19 	41 	1 	42.794.697,56 	180 	26.580,49 	17156 	277,83 	NÃO 	0,00
525 	27/12/2003 	26 	32 	24 	49 	08 	10 	2 	10.208.722,99 	153 	11.600,82 	9640 	183,43 	NÃO 	0,00
526 	03/01/2004 	03 	59 	21 	36 	55 	31 	0 	0,00 	34 	22.681,04 	2444 	314,34 	SIM 	1.349.521,77
527 	07/01/2004 	17 	14 	50 	52 	06 	26 	0 	0,00 	23 	27.463,44 	2091 	300,94 	SIM 	2.454.925,13
528 	10/01/2004 	34 	28 	37 	12 	08 	31 	0 	0,00 	67 	12.554,60 	4827 	173,60 	SIM 	3.926.952,17
529 	14/01/2004 	56 	45 	13 	33 	38 	01 	15 	348.732,75 	87 	8.565,12 	4758 	156,03 	NÃO 	0,00
530 	17/01/2004 	32 	21 	25 	01 	06 	49 	0 	0,00 	49 	18.501,75 	3771 	239,50 	SIM 	7.541.604,05
531 	21/01/2004 	03 	01 	35 	07 	18 	50 	0 	0,00 	96 	9.079,10 	5188 	167,37 	SIM 	9.066.892,84
532 	24/01/2004 	13 	04 	12 	53 	09 	52 	0 	0,00 	69 	16.628,16 	5314 	215,09 	SIM 	11.074.743,03
533 	28/01/2004 	27 	18 	13 	59 	21 	53 	0 	0,00 	82 	12.747,27 	5129 	203,03 	SIM 	12.903.975,95
534 	31/01/2004 	48 	57 	23 	08 	31 	03 	1 	15.184.658,12 	107 	12.179,88 	6559 	197,95 	NÃO 	0,00
535 	04/02/2004 	49 	14 	47 	56 	06 	28 	1 	7.834.139,14 	59 	12.025,02 	4136 	170,89 	NÃO 	0,00
536 	07/02/2004 	14 	22 	25 	15 	37 	23 	0 	0,00 	49 	12.551,38 	3217 	190,46 	SIM 	1.076.280,35
537 	11/02/2004 	37 	03 	19 	34 	39 	07 	1 	2.054.340,05 	128 	4.366,34 	5345 	104,17 	NÃO 	0,00
538 	14/02/2004 	45 	43 	56 	25 	52 	03 	0 	0,00 	36 	16.533,54 	2657 	223,17 	SIM 	1.041.612,80
539 	18/02/2004 	16 	50 	55 	06 	47 	19 	0 	0,00 	21 	25.214,62 	1908 	276,47 	SIM 	5.728.373,54
540 	21/02/2004 	22 	04 	30 	44 	28 	49 	0 	0,00 	84 	10.186,19 	4535 	187,97 	SIM 	7.225.743,35
541 	28/02/2004 	58 	57 	27 	13 	49 	52 	1 	9.144.543,50 	54 	20.304,76 	4879 	223,88 	NÃO 	0,00
542 	03/03/2004 	49 	04 	19 	28 	35 	06 	0 	0,00 	42 	9.683,43 	2800 	144,70 	SIM 	711.731,71
543 	06/03/2004 	35 	54 	37 	42 	49 	46 	1 	1.836.749,58 	78 	8.241,89 	2557 	250,47 	NÃO 	0,00
544 	10/03/2004 	11 	33 	56 	47 	17 	34 	0 	0,00 	39 	10.062,10 	2415 	161,89 	SIM 	4.929.350,89
545 	13/03/2004 	43 	35 	57 	29 	40 	17 	1 	6.409.645,53 	102 	8.292,97 	4315 	195,29 	NÃO 	0,00
546 	17/03/2004 	46 	04 	54 	17 	13 	05 	0 	0,00 	32 	12.224,97 	3003 	129,78 	SIM 	684.598,29
547 	20/03/2004 	04 	59 	13 	53 	28 	30 	1 	1.746.857,35 	42 	14.452,51 	2599 	232,67 	NÃO 	0,00
548 	24/03/2004 	51 	49 	14 	47 	59 	58 	0 	0,00 	9 	41.634,70 	965 	386,83 	SIM 	655.746,39
549 	27/03/2004 	13 	51 	58 	22 	46 	08 	0 	0,00 	34 	17.519,41 	2772 	214,07 	SIM 	5.216.225,00
550 	31/03/2004 	17 	56 	16 	38 	39 	45 	0 	0,00 	39 	18.277,00 	2948 	240,88 	SIM 	6.463.630,53
551 	03/04/2004 	56 	48 	57 	21 	12 	46 	0 	0,00 	35 	28.192,58 	3027 	324,75 	SIM 	8.190.426,28
552 	07/04/2004 	22 	54 	52 	47 	49 	09 	0 	0,00 	69 	14.110,09 	4299 	225,61 	SIM 	9.894.220,21
553 	10/04/2004 	43 	46 	58 	53 	54 	04 	0 	0,00 	42 	23.814,78 	3308 	301,22 	SIM 	11.644.606,76
554 	14/04/2004 	47 	29 	31 	15 	60 	42 	0 	0,00 	64 	20.951,21 	4812 	277,60 	SIM 	20.258.939,21
555 	17/04/2004 	49 	05 	23 	33 	45 	31 	1 	23.810.057,19 	152 	13.350,07 	10733 	188,35 	NÃO 	0,00
556 	21/04/2004 	08 	45 	30 	33 	17 	10 	0 	0,00 	20 	14.872,57 	1699 	174,41 	SIM 	520.539,87
557 	24/04/2004 	18 	49 	38 	23 	08 	12 	0 	0,00 	59 	11.001,41 	3777 	171,20 	SIM 	1.656.435,01
558 	28/04/2004 	59 	57 	07 	58 	31 	14 	0 	0,00 	21 	26.571,46 	2000 	277,94 	SIM 	2.632.936,06
559 	01/05/2004 	53 	25 	36 	13 	17 	06 	1 	3.707.152,54 	75 	8.184,51 	4460 	137,11 	NÃO 	0,00
560 	05/05/2004 	32 	18 	11 	30 	02 	58 	0 	0,00 	44 	16.215,47 	2585 	274,97 	SIM 	6.433.069,85
561 	08/05/2004 	39 	49 	36 	20 	55 	01 	0 	0,00 	32 	31.342,98 	2743 	364,27 	SIM 	8.188.276,67
562 	12/05/2004 	37 	35 	23 	16 	57 	55 	0 	0,00 	117 	8.271,95 	5150 	187,22 	SIM 	9.881.959,48
563 	15/05/2004 	34 	08 	23 	44 	51 	05 	0 	0,00 	90 	13.541,69 	6007 	202,12 	SIM 	12.014.774,50
564 	19/05/2004 	38 	13 	32 	20 	10 	49 	0 	0,00 	46 	25.392,82 	4446 	261,73 	SIM 	20.397.765,64
565 	22/05/2004 	31 	37 	35 	07 	45 	34 	0 	0,00 	57 	29.241,27 	6804 	244,04 	SIM 	23.314.582,63
566 	26/05/2004 	17 	06 	20 	18 	13 	37 	0 	0,00 	176 	11.334,45 	13032 	152,49 	SIM 	26.805.592,27
567 	29/05/2004 	57 	58 	11 	38 	41 	31 	0 	0,00 	69 	37.888,61 	5787 	450,05 	SIM 	31.380.642,06
568 	02/06/2004 	25 	41 	17 	29 	13 	22 	0 	0,00 	457 	7.802,44 	24931 	142,48 	SIM 	37.620.642,34
569 	05/06/2004 	32 	15 	14 	09 	03 	57 	1 	46.663.532,70 	434 	11.906,37 	29922 	172,04 	NÃO 	0,00
570 	09/06/2004 	35 	32 	36 	33 	51 	15 	0 	0,00 	84 	18.168,10 	7539 	201,67 	SIM 	21.431.972,38
571 	12/06/2004 	14 	31 	12 	13 	51 	50 	0 	0,00 	69 	22.294,35 	5572 	275,04 	SIM 	24.124.014,99
572 	16/06/2004 	33 	03 	20 	60 	09 	16 	0 	0,00 	162 	10.668,49 	9940 	173,21 	SIM 	27.148.533,16
573 	19/06/2004 	59 	29 	17 	06 	40 	22 	0 	0,00 	82 	25.012,22 	8272 	247,00 	SIM 	30.737.786,41
574 	23/06/2004 	32 	23 	02 	10 	44 	17 	0 	0,00 	162 	12.609,31 	12691 	160,35 	SIM 	45.420.567,88
575 	26/06/2004 	18 	29 	21 	48 	35 	05 	2 	25.737.016,52 	470 	7.359,84 	21660 	159,10 	NÃO 	0,00
576 	30/06/2004 	18 	43 	52 	39 	07 	08 	0 	0,00 	27 	22.856,21 	1978 	310,81 	SIM 	1.079.955,77
577 	03/07/2004 	31 	47 	28 	23 	08 	24 	0 	0,00 	57 	15.092,90 	4579 	187,17 	SIM 	2.585.472,50
578 	07/07/2004 	48 	03 	58 	18 	56 	23 	1 	3.982.872,62 	62 	12.879,26 	3639 	218,60 	NÃO 	0,00
579 	10/07/2004 	15 	34 	39 	17 	04 	09 	1 	1.175.432,13 	90 	7.463,06 	5172 	129,38 	NÃO 	0,00
580 	14/07/2004 	38 	16 	18 	28 	15 	47 	0 	0,00 	56 	16.168,75 	4097 	220,17 	SIM 	9.592.944,81
581 	17/07/2004 	30 	25 	52 	14 	39 	17 	1 	11.781.320,02 	56 	22.330,36 	4429 	281,27 	NÃO 	0,00
582 	21/07/2004 	13 	40 	29 	59 	45 	51 	0 	0,00 	29 	17.143,40 	1943 	254,91 	SIM 	870.027,37
583 	24/07/2004 	55 	06 	41 	20 	43 	07 	0 	0,00 	36 	20.218,13 	2157 	336,16 	SIM 	2.143.769,60
584 	28/07/2004 	30 	53 	23 	07 	32 	08 	0 	0,00 	49 	13.327,92 	3278 	198,48 	SIM 	8.329.175,80
585 	31/07/2004 	24 	39 	12 	33 	57 	36 	1 	10.166.807,68 	124 	8.468,35 	7122 	146,89 	NÃO 	0,00
586 	04/08/2004 	45 	38 	13 	11 	54 	39 	0 	0,00 	30 	15.687,92 	2162 	216,87 	SIM 	823.615,95
587 	07/08/2004 	30 	02 	36 	18 	60 	29 	0 	0,00 	36 	20.518,92 	2436 	302,09 	SIM 	2.116.308,12
588 	11/08/2004 	45 	13 	46 	55 	53 	11 	0 	0,00 	22 	29.565,71 	2088 	310,34 	SIM 	3.254.587,92
589 	14/08/2004 	13 	07 	33 	59 	06 	08 	0 	0,00 	152 	5.926,91 	9005 	99,66 	SIM 	9.594.559,27
590 	18/08/2004 	25 	51 	05 	18 	04 	28 	0 	0,00 	70 	14.105,62 	5155 	190,82 	SIM 	11.322.497,59
591 	21/08/2004 	58 	03 	18 	50 	34 	01 	0 	0,00 	64 	18.968,95 	4448 	271,90 	SIM 	13.447.020,10
592 	25/08/2004 	55 	14 	59 	47 	13 	42 	0 	0,00 	60 	18.664,59 	5062 	220,39 	SIM 	15.406.801,69
593 	28/08/2004 	27 	29 	01 	59 	25 	49 	0 	0,00 	68 	20.265,54 	5291 	259,47 	SIM 	17.818.401,51
594 	01/09/2004 	10 	53 	55 	29 	13 	47 	0 	0,00 	121 	11.747,70 	6444 	219,76 	SIM 	27.956.987,94
595 	04/09/2004 	54 	02 	43 	01 	50 	25 	0 	0,00 	89 	22.736,36 	7230 	278,82 	SIM 	31.498.176,46
596 	08/09/2004 	43 	60 	28 	11 	54 	14 	0 	0,00 	116 	15.749,68 	6578 	276,69 	SIM 	34.695.360,86
597 	11/09/2004 	42 	40 	27 	22 	56 	29 	0 	0,00 	140 	21.650,75 	10021 	301,33 	SIM 	39.999.792,49
598 	15/09/2004 	05 	16 	53 	38 	50 	34 	2 	23.179.951,19 	234 	15.531,40 	19229 	188,29 	NÃO 	0,00
599 	18/09/2004 	06 	45 	51 	09 	23 	04 	0 	0,00 	65 	10.375,80 	4755 	141,31 	SIM 	15.168.219,08
600 	22/09/2004 	18 	39 	54 	34 	31 	16 	0 	0,00 	73 	16.062,92 	4640 	251,75 	SIM 	17.220.256,51
601 	25/09/2004 	37 	19 	29 	30 	10 	22 	0 	0,00 	75 	18.837,59 	6002 	234,50 	SIM 	19.692.689,90
602 	29/09/2004 	38 	60 	13 	07 	55 	46 	0 	0,00 	95 	13.988,93 	6773 	195,47 	SIM 	22.018.349,56
603 	02/10/2004 	04 	08 	11 	29 	12 	44 	1 	24.750.883,61 	233 	6.701,50 	12565 	123,80 	NÃO 	0,00
604 	06/10/2004 	41 	49 	51 	25 	15 	46 	0 	0,00 	15 	35.679,23 	1422 	374,94 	SIM 	8.450.325,62
605 	09/10/2004 	44 	52 	53 	04 	49 	24 	0 	0,00 	45 	23.716,98 	3980 	267,15 	SIM 	10.318.037,87
606 	13/10/2004 	41 	06 	23 	55 	32 	35 	1 	11.878.491,65 	43 	20.736,93 	3770 	235,63 	NÃO 	0,00
607 	16/10/2004 	06 	59 	11 	27 	19 	41 	0 	0,00 	48 	13.506,67 	3059 	211,14 	SIM 	1.134.560,21
608 	20/10/2004 	30 	06 	37 	19 	24 	13 	0 	0,00 	101 	6.267,54 	5181 	121,72 	SIM 	2.242.347,59
609 	23/10/2004 	15 	02 	59 	60 	06 	58 	0 	0,00 	60 	13.952,24 	3994 	208,81 	SIM 	8.804.117,70
610 	27/10/2004 	25 	49 	30 	43 	47 	45 	0 	0,00 	62 	14.911,12 	4044 	227,75 	SIM 	10.421.973,58
611 	30/10/2004 	22 	21 	33 	16 	48 	49 	0 	0,00 	69 	16.349,76 	4531 	248,04 	SIM 	12.396.207,89
612 	03/11/2004 	55 	33 	15 	50 	53 	18 	0 	0,00 	41 	22.250,05 	3389 	268,16 	SIM 	13.992.649,10
613 	06/11/2004 	54 	55 	13 	44 	06 	19 	0 	0,00 	108 	12.259,22 	7101 	185,76 	SIM 	16.309.642,40
614 	10/11/2004 	60 	31 	12 	48 	57 	16 	0 	0,00 	53 	24.951,84 	4127 	319,23 	SIM 	25.638.073,79
615 	13/11/2004 	27 	31 	08 	10 	51 	05 	0 	0,00 	157 	11.348,03 	9780 	181,48 	SIM 	28.755.943,65
616 	17/11/2004 	24 	16 	26 	54 	12 	02 	0 	0,00 	90 	18.187,52 	9236 	176,56 	SIM 	31.620.478,41
617 	20/11/2004 	25 	05 	49 	36 	33 	03 	2 	17.791.387,59 	289 	7.834,50 	17341 	130,08 	NÃO 	0,00
618 	24/11/2004 	60 	10 	03 	08 	24 	13 	0 	0,00 	86 	6.312,56 	4992 	108,34 	SIM 	950.038,98
619 	27/11/2004 	16 	12 	46 	14 	08 	19 	0 	0,00 	101 	7.354,06 	5924 	124,91 	SIM 	10.960.275,81
620 	01/12/2004 	22 	01 	29 	13 	32 	03 	0 	0,00 	87 	11.707,09 	5886 	172,39 	SIM 	12.742.680,43
621 	04/12/2004 	29 	31 	50 	26 	57 	49 	0 	0,00 	40 	32.904,81 	3837 	341,73 	SIM 	15.046.017,24
622 	08/12/2004 	59 	27 	19 	29 	50 	38 	0 	0,00 	49 	24.789,92 	3560 	339,92 	SIM 	17.171.752,86
623 	11/12/2004 	42 	23 	55 	30 	09 	49 	0 	0,00 	124 	12.236,03 	6915 	218,59 	SIM 	19.826.970,07
624 	15/12/2004 	39 	23 	34 	52 	08 	43 	1 	22.375.180,08 	108 	13.482,59 	7284 	199,16 	NÃO 	0,00
625 	18/12/2004 	59 	12 	32 	42 	24 	40 	0 	0,00 	49 	20.777,72 	4056 	250,06 	SIM 	9.935.192,23
626 	22/12/2004 	49 	08 	22 	18 	07 	39 	0 	0,00 	52 	21.294,16 	5096 	216,47 	SIM 	11.872.960,59
627 	29/12/2004 	19 	13 	45 	58 	56 	01 	0 	0,00 	112 	14.270,18 	8049 	197,82 	SIM 	14.669.915,47
628 	05/01/2005 	08 	16 	22 	56 	58 	30 	1 	17.373.966,13 	76 	20.331,21 	5510 	279,37 	NÃO 	0,00
629 	08/01/2005 	40 	47 	39 	16 	51 	15 	1 	1.104.456,38 	15 	42.074,53 	1865 	337,13 	NÃO 	0,00
630 	12/01/2005 	16 	53 	20 	60 	12 	45 	0 	0,00 	33 	24.880,69 	2972 	275,23 	SIM 	8.811.801,94
631 	15/01/2005 	01 	28 	47 	20 	44 	32 	1 	10.579.247,17 	46 	21.955,84 	3548 	283,58 	NÃO 	0,00
632 	19/01/2005 	02 	54 	48 	51 	19 	28 	0 	0,00 	26 	19.697,02 	1962 	260,03 	SIM 	896.214,44
633 	22/01/2005 	27 	46 	05 	50 	11 	22 	0 	0,00 	58 	11.744,77 	3524 	192,57 	SIM 	2.088.308,43
634 	26/01/2005 	13 	41 	24 	42 	10 	56 	0 	0,00 	54 	11.854,27 	3752 	169,97 	SIM 	7.789.137,30
635 	29/01/2005 	49 	42 	37 	08 	20 	26 	0 	0,00 	58 	16.456,84 	3646 	260,80 	SIM 	9.459.506,58
636 	02/02/2005 	30 	32 	34 	50 	28 	26 	0 	0,00 	74 	12.762,47 	3170 	296,79 	SIM 	11.112.246,45
637 	05/02/2005 	52 	58 	43 	48 	11 	18 	0 	0,00 	29 	38.451,69 	3560 	312,04 	SIM 	13.063.669,53
638 	12/02/2005 	42 	10 	50 	41 	11 	36 	0 	0,00 	65 	22.677,35 	4518 	325,03 	SIM 	15.643.218,50
639 	16/02/2005 	51 	39 	35 	60 	45 	13 	0 	0,00 	72 	17.653,96 	5473 	231,37 	SIM 	25.066.531,77
640 	19/02/2005 	12 	42 	59 	46 	19 	60 	0 	0,00 	129 	14.012,81 	8094 	222,49 	SIM 	28.229.924,76
641 	23/02/2005 	17 	13 	33 	09 	01 	34 	1 	31.923.289,19 	366 	5.766,38 	20840 	100,89 	NÃO 	0,00
642 	26/02/2005 	51 	17 	56 	36 	44 	40 	0 	0,00 	28 	22.758,80 	1988 	319,34 	SIM 	1.115.180,94
643 	02/03/2005 	14 	45 	24 	37 	40 	42 	0 	0,00 	41 	15.663,14 	2694 	237,48 	SIM 	2.239.011,24
644 	05/03/2005 	57 	29 	31 	27 	34 	14 	0 	0,00 	81 	10.667,36 	4433 	194,17 	SIM 	11.328.156,70
645 	09/03/2005 	52 	48 	24 	53 	54 	03 	0 	0,00 	39 	27.310,11 	4345 	244,20 	SIM 	13.192.071,41
646 	12/03/2005 	13 	47 	60 	32 	49 	10 	0 	0,00 	79 	16.079,41 	6173 	205,00 	SIM 	15.415.049,93
647 	16/03/2005 	56 	19 	11 	14 	12 	54 	1 	17.603.353,15 	50 	25.009,18 	5432 	229,34 	NÃO 	0,00
648 	19/03/2005 	05 	48 	23 	42 	45 	29 	3 	361.199,61 	139 	4.454,67 	4869 	126,69 	NÃO 	0,00
649 	23/03/2005 	09 	54 	41 	48 	33 	24 	0 	0,00 	31 	15.748,23 	2156 	225,57 	SIM 	6.720.868,06
650 	26/03/2005 	53 	59 	25 	29 	10 	24 	0 	0,00 	29 	24.322,62 	2765 	254,15 	SIM 	7.955.241,21
651 	30/03/2005 	39 	45 	28 	26 	48 	60 	0 	0,00 	36 	24.882,92 	4356 	204,86 	SIM 	9.522.864,81
652 	02/04/2005 	24 	18 	57 	56 	10 	20 	0 	0,00 	41 	27.383,54 	3874 	288,71 	SIM 	11.487.633,94
653 	06/04/2005 	31 	24 	19 	34 	09 	05 	0 	0,00 	74 	14.994,32 	6274 	176,18 	SIM 	13.429.397,87
654 	09/04/2005 	10 	11 	56 	40 	41 	06 	1 	15.767.596,35 	66 	20.244,14 	4745 	280,52 	NÃO 	0,00
655 	13/04/2005 	26 	39 	01 	37 	43 	48 	0 	0,00 	23 	33.457,53 	2722 	281,64 	SIM 	7.808.614,22
656 	16/04/2005 	59 	37 	46 	36 	35 	51 	0 	0,00 	24 	42.026,73 	2623 	383,08 	SIM 	9.573.736,75
657 	20/04/2005 	20 	59 	58 	33 	60 	16 	1 	11.354.235,39 	56 	18.168,36 	3995 	253,72 	NÃO 	0,00
658 	23/04/2005 	41 	20 	36 	03 	11 	06 	0 	0,00 	31 	18.418,26 	2883 	197,30 	SIM 	999.190,32
659 	27/04/2005 	14 	29 	40 	34 	51 	52 	0 	0,00 	22 	27.222,16 	1390 	429,22 	SIM 	7.004.050,46
660 	30/04/2005 	53 	05 	38 	54 	46 	11 	0 	0,00 	58 	16.751,00 	4204 	230,23 	SIM 	8.704.277,05
661 	04/05/2005 	42 	40 	27 	04 	55 	36 	0 	0,00 	64 	15.130,77 	4211 	229,09 	SIM 	10.398.923,36
662 	07/05/2005 	04 	60 	56 	25 	18 	23 	0 	0,00 	79 	14.974,99 	5525 	213,31 	SIM 	12.469.215,44
663 	11/05/2005 	01 	49 	30 	55 	27 	51 	0 	0,00 	64 	17.649,82 	4020 	279,93 	SIM 	14.445.995,20
664 	14/05/2005 	12 	01 	55 	59 	38 	36 	0 	0,00 	74 	18.450,77 	4971 	273,62 	SIM 	23.857.740,39
665 	18/05/2005 	08 	47 	07 	48 	25 	18 	0 	0,00 	185 	8.538,56 	10055 	156,51 	SIM 	26.622.098,55
666 	21/05/2005 	07 	26 	16 	29 	45 	55 	0 	0,00 	77 	26.923,37 	8122 	254,29 	SIM 	30.250.022,18
667 	25/05/2005 	05 	23 	16 	04 	49 	01 	1 	34.263.173,55 	203 	11.296,70 	15283 	149,48 	NÃO 	0,00
668 	28/05/2005 	49 	33 	56 	02 	14 	01 	0 	0,00 	53 	11.007,74 	2814 	206,54 	SIM 	1.020.967,19
669 	01/06/2005 	07 	41 	24 	40 	49 	27 	1 	2.170.216,15 	32 	20.522,30 	2427 	269,57 	NÃO 	0,00
670 	04/06/2005 	42 	59 	58 	37 	48 	22 	0 	0,00 	24 	43.085,53 	2895 	355,84 	SIM 	10.792.198,93
671 	08/06/2005 	27 	16 	39 	51 	09 	38 	0 	0,00 	67 	16.609,70 	4259 	260,30 	SIM 	12.739.685,49
672 	11/06/2005 	43 	34 	53 	38 	28 	24 	0 	0,00 	54 	24.277,19 	4411 	296,08 	SIM 	15.033.880,01
673 	15/06/2005 	06 	40 	37 	11 	20 	34 	0 	0,00 	72 	17.523,73 	4792 	262,30 	SIM 	17.241.869,86
674 	18/06/2005 	22 	32 	18 	29 	42 	38 	0 	0,00 	96 	16.070,11 	5586 	275,14 	SIM 	27.769.536,63
675 	22/06/2005 	50 	42 	30 	25 	43 	24 	0 	0,00 	67 	26.180,70 	5204 	335,79 	SIM 	30.839.224,48
676 	25/06/2005 	49 	32 	15 	09 	41 	42 	0 	0,00 	94 	22.081,78 	7583 	272,69 	SIM 	34.471.676,39
677 	29/06/2005 	25 	10 	48 	08 	32 	55 	0 	0,00 	284 	8.422,82 	12803 	186,14 	SIM 	38.657.818,81
678 	02/07/2005 	44 	46 	31 	14 	40 	42 	0 	0,00 	115 	28.311,43 	9797 	331,07 	SIM 	44.355.495,36
679 	06/07/2005 	37 	21 	54 	03 	58 	25 	1 	51.890.452,61 	448 	9.610,91 	22087 	194,20 	NÃO 	0,00
680 	09/07/2005 	44 	02 	26 	05 	03 	22 	0 	0,00 	188 	7.276,69 	11222 	121,45 	SIM 	19.623.257,97
681 	13/07/2005 	59 	21 	53 	25 	58 	38 	0 	0,00 	62 	23.695,09 	5210 	280,91 	SIM 	22.194.175,20
682 	16/07/2005 	60 	37 	47 	36 	04 	27 	0 	0,00 	62 	25.832,17 	5647 	282,55 	SIM 	24.996.965,62
683 	20/07/2005 	43 	40 	12 	11 	02 	35 	0 	0,00 	79 	19.666,04 	5680 	272,49 	SIM 	27.715.795,78
684 	23/07/2005 	50 	37 	33 	40 	19 	17 	0 	0,00 	81 	22.483,66 	7103 	255,42 	SIM 	40.669.733,33
685 	27/07/2005 	33 	27 	05 	56 	12 	43 	1 	44.331.219,78 	347 	6.029,62 	15404 	135,32 	NÃO 	0,00
686 	30/07/2005 	33 	05 	04 	54 	15 	26 	0 	0,00 	47 	15.221,72 	3901 	182,71 	SIM 	1.251.986,54
687 	03/08/2005 	59 	48 	01 	07 	41 	14 	0 	0,00 	28 	25.839,62 	2887 	249,66 	SIM 	2.518.128,16
688 	06/08/2005 	47 	30 	52 	11 	21 	35 	0 	0,00 	38 	23.920,89 	2757 	328,45 	SIM 	4.108.867,61
689 	10/08/2005 	06 	60 	07 	31 	49 	51 	0 	0,00 	29 	30.336,11 	2998 	292,33 	SIM 	12.298.361,58
690 	13/08/2005 	15 	41 	08 	47 	12 	53 	0 	0,00 	90 	13.225,50 	5446 	217,74 	SIM 	14.381.378,18
691 	17/08/2005 	55 	16 	58 	08 	37 	50 	0 	0,00 	54 	20.629,58 	3896 	284,85 	SIM 	16.330.873,12
692 	20/08/2005 	33 	18 	60 	11 	58 	57 	0 	0,00 	71 	18.365,13 	4995 	260,06 	SIM 	18.612.740,26
693 	24/08/2005 	14 	50 	41 	17 	31 	13 	0 	0,00 	152 	8.909,82 	7170 	188,18 	SIM 	20.982.752,64
694 	27/08/2005 	15 	19 	29 	53 	37 	41 	0 	0,00 	114 	13.859,26 	7087 	222,10 	SIM 	31.925.755,05
695 	31/08/2005 	13 	40 	21 	52 	06 	11 	0 	0,00 	76 	22.217,91 	6333 	265,62 	SIM 	34.880.737,54
696 	03/09/2005 	37 	16 	34 	57 	53 	09 	2 	19.251.302,49 	195 	10.613,53 	10814 	190,66 	NÃO 	0,00
697 	10/09/2005 	53 	35 	32 	31 	28 	51 	0 	0,00 	27 	33.337,57 	2895 	309,74 	SIM 	1.575.200,44
698 	14/09/2005 	22 	08 	27 	43 	55 	12 	0 	0,00 	43 	16.354,69 	3981 	175,99 	SIM 	2.805.890,89
699 	19/09/2005 	53 	17 	50 	23 	54 	48 	0 	0,00 	54 	16.259,09 	3752 	233,13 	SIM 	12.141.821,41
700 	21/09/2005 	02 	03 	24 	40 	31 	14 	0 	0,00 	53 	17.991,31 	3584 	265,04 	SIM 	13.810.515,56
701 	24/09/2005 	13 	01 	31 	23 	60 	48 	0 	0,00 	103 	11.253,13 	5623 	205,35 	SIM 	15.838.891,81
702 	28/09/2005 	01 	56 	18 	58 	45 	57 	0 	0,00 	47 	22.868,49 	3663 	292,31 	SIM 	17.719.825,24
703 	01/10/2005 	30 	24 	02 	45 	11 	27 	0 	0,00 	123 	10.767,16 	7343 	179,68 	SIM 	20.037.455,42
704 	05/10/2005 	02 	27 	50 	34 	18 	04 	0 	0,00 	56 	22.659,95 	5784 	218,56 	SIM 	29.484.065,62
705 	08/10/2005 	03 	15 	11 	13 	26 	43 	0 	0,00 	144 	11.780,58 	11514 	146,78 	SIM 	32.452.771,10
706 	15/10/2005 	22 	10 	17 	07 	02 	60 	0 	0,00 	282 	7.866,56 	15980 	138,30 	SIM 	36.334.914,54
707 	19/10/2005 	51 	08 	01 	43 	10 	36 	2 	19.919.975,72 	140 	14.306,28 	12461 	160,12 	NÃO 	0,00
708 	22/10/2005 	45 	13 	39 	47 	09 	07 	0 	0,00 	102 	6.567,35 	5998 	111,26 	SIM 	1.172.271,79
709 	26/10/2005 	29 	22 	44 	09 	06 	04 	0 	0,00 	106 	5.881,47 	5202 	119,39 	SIM 	11.276.978,00
710 	29/10/2005 	46 	25 	05 	49 	39 	34 	0 	0,00 	48 	21.483,28 	4608 	222,94 	SIM 	13.081.573,14
711 	05/11/2005 	10 	05 	41 	59 	40 	33 	0 	0,00 	79 	18.118,11 	5840 	244,16 	SIM 	15.586.402,01
712 	09/11/2005 	35 	07 	53 	58 	08 	43 	0 	0,00 	97 	12.122,15 	5637 	207,81 	SIM 	17.644.136,19
713 	12/11/2005 	46 	01 	26 	16 	12 	54 	0 	0,00 	67 	20.438,81 	5838 	233,68 	SIM 	20.040.586,54
714 	16/11/2005 	17 	53 	39 	08 	07 	35 	0 	0,00 	113 	9.766,45 	10955 	100,36 	SIM 	29.611.134,96
715 	19/11/2005 	54 	36 	12 	04 	33 	24 	3 	10.825.809,33 	237 	6.910,89 	13134 	124,24 	NÃO 	0,00
716 	23/11/2005 	29 	02 	07 	50 	16 	32 	1 	945.382,75 	37 	14.600,51 	2512 	214,25 	NÃO 	0,00
717 	26/11/2005 	28 	35 	41 	17 	06 	23 	0 	0,00 	68 	8.956,76 	3816 	159,00 	SIM 	1.065.855,06
718 	30/11/2005 	07 	35 	21 	39 	58 	33 	0 	0,00 	41 	13.759,23 	2893 	194,26 	SIM 	2.053.079,87
719 	03/12/2005 	39 	47 	37 	53 	32 	03 	0 	0,00 	63 	12.737,00 	3553 	225,00 	SIM 	8.649.484,79
720 	07/12/2005 	12 	56 	44 	51 	31 	54 	0 	0,00 	20 	45.658,99 	2606 	349,09 	SIM 	10.247.549,36
721 	10/12/2005 	14 	03 	23 	55 	36 	25 	0 	0,00 	99 	11.025,33 	6723 	161,75 	SIM 	12.157.688,32
722 	14/12/2005 	60 	36 	57 	18 	44 	09 	0 	0,00 	85 	12.704,05 	5334 	201,68 	SIM 	14.047.415,26
723 	17/12/2005 	16 	06 	52 	01 	36 	50 	0 	0,00 	49 	25.242,04 	4000 	308,05 	SIM 	16.211.920,28
724 	21/12/2005 	34 	51 	55 	17 	48 	27 	0 	0,00 	102 	12.537,87 	6190 	205,82 	SIM 	25.450.246,43
725 	31/12/2005 	49 	09 	03 	35 	37 	41 	2 	15.815.987,63 	343 	10.298,59 	20451 	172,08 	NÃO 	0,00
726 	04/01/2006 	40 	47 	01 	05 	07 	37 	0 	0,00 	35 	15.459,49 	2838 	189,94 	SIM 	946.893,69
727 	07/01/2006 	14 	42 	12 	04 	59 	30 	0 	0,00 	29 	25.008,46 	2688 	268,79 	SIM 	2.216.072,86
728 	11/01/2006 	44 	42 	13 	08 	24 	32 	0 	0,00 	81 	8.575,31 	5381 	128,59 	SIM 	3.431.622,25
729 	14/01/2006 	33 	56 	18 	57 	43 	05 	1 	4.969.519,90 	51 	17.231,34 	5041 	173,67 	NÃO 	0,00
730 	18/01/2006 	45 	15 	02 	54 	16 	50 	0 	0,00 	34 	23.412,97 	2824 	280,82 	SIM 	9.358.249,67
731 	21/01/2006 	35 	06 	15 	23 	28 	16 	0 	0,00 	88 	11.554,63 	6659 	152,12 	SIM 	11.137.662,34
732 	25/01/2006 	49 	19 	53 	50 	17 	06 	0 	0,00 	65 	14.610,54 	4196 	225,48 	SIM 	12.799.611,64
733 	28/01/2006 	12 	26 	31 	43 	46 	02 	0 	0,00 	67 	16.737,98 	5110 	218,63 	SIM 	14.762.139,60
734 	01/02/2006 	44 	45 	27 	29 	43 	54 	1 	16.726.569,98 	58 	19.354,00 	3984 	280,69 	NÃO 	0,00
735 	04/02/2006 	40 	42 	15 	52 	38 	09 	0 	0,00 	33 	27.163,91 	3043 	293,47 	SIM 	7.826.853,28
736 	08/02/2006 	01 	21 	38 	41 	56 	49 	0 	0,00 	19 	47.835,60 	2190 	413,44 	SIM 	9.417.386,79
737 	11/02/2006 	33 	12 	24 	38 	11 	32 	0 	0,00 	65 	18.730,63 	6267 	193,54 	SIM 	11.547.995,59
738 	15/02/2006 	15 	30 	14 	42 	26 	54 	0 	0,00 	47 	26.720,69 	4178 	299,45 	SIM 	13.745.772,39
739 	18/02/2006 	06 	45 	56 	49 	35 	10 	0 	0,00 	54 	25.993,77 	4723 	296,08 	SIM 	23.305.073,75
740 	22/02/2006 	29 	47 	12 	50 	16 	28 	1 	26.132.814,65 	90 	17.953,91 	6943 	231,85 	NÃO 	0,00
741 	25/02/2006 	26 	39 	27 	24 	59 	36 	0 	0,00 	23 	28.453,38 	2133 	305,65 	SIM 	1.145.248,54
742 	01/03/2006 	34 	17 	07 	41 	02 	50 	0 	0,00 	25 	14.199,00 	1622 	218,02 	SIM 	1.766.454,86
743 	04/03/2006 	54 	20 	32 	60 	25 	23 	0 	0,00 	28 	29.491,22 	2762 	297,84 	SIM 	3.211.524,66
744 	08/03/2006 	26 	46 	12 	23 	39 	04 	0 	0,00 	77 	10.441,97 	5387 	148,70 	SIM 	9.937.380,49
745 	11/03/2006 	21 	57 	37 	16 	43 	02 	0 	0,00 	134 	8.604,62 	5262 	218,30 	SIM 	11.955.163,21
746 	15/03/2006 	49 	12 	10 	57 	25 	01 	2 	6.995.681,58 	114 	10.206,52 	6686 	173,36 	NÃO 	0,00
747 	18/03/2006 	21 	23 	56 	12 	03 	02 	0 	0,00 	53 	13.079,29 	4363 	158,28 	SIM 	1.213.104,40
748 	22/03/2006 	01 	07 	19 	51 	35 	02 	0 	0,00 	74 	9.080,42 	4519 	148,14 	SIM 	2.389.018,77
749 	25/03/2006 	24 	47 	04 	57 	48 	50 	0 	0,00 	31 	26.214,36 	2669 	303,33 	SIM 	9.429.097,84
750 	29/03/2006 	58 	17 	54 	10 	42 	33 	0 	0,00 	49 	18.795,69 	3799 	241,51 	SIM 	11.040.828,28
751 	01/04/2006 	04 	25 	38 	50 	20 	07 	0 	0,00 	74 	15.221,68 	5579 	201,14 	SIM 	13.012.035,71
752 	05/04/2006 	25 	04 	29 	42 	24 	23 	0 	0,00 	86 	13.022,30 	6849 	162,90 	SIM 	14.971.892,19
753 	08/04/2006 	59 	35 	43 	22 	07 	02 	1 	17.388.228,32 	152 	9.083,97 	8630 	159,40 	NÃO 	0,00
754 	12/04/2006 	04 	42 	34 	50 	03 	13 	0 	0,00 	41 	14.457,22 	2827 	208,89 	SIM 	7.463.330,98
755 	15/04/2006 	59 	30 	47 	12 	04 	49 	0 	0,00 	41 	18.319,33 	2977 	251,35 	SIM 	8.777.742,92
756 	19/04/2006 	37 	50 	41 	05 	38 	27 	0 	0,00 	34 	27.503,13 	3135 	297,15 	SIM 	10.414.179,09
757 	22/04/2006 	17 	32 	12 	18 	58 	30 	0 	0,00 	53 	17.988,72 	3448 	275,46 	SIM 	12.082.632,69